"tempβ"	"μ"	"density"	"err"	"doublon"	"err"
33.333333333333336	-7.021	0.	0.	0.	0.
33.333333333333336	-6.9808	0.	0.	0.	0.
33.333333333333336	-6.940600000000001	0.	0.	0.	0.
33.333333333333336	-6.900400000000001	0.	0.	0.	0.
33.333333333333336	-6.860200000000002	0.	0.	0.	0.
33.333333333333336	-6.820000000000002	0.	0.	0.	0.
33.333333333333336	-6.7798000000000025	0.	0.	0.	0.
33.333333333333336	-6.739600000000003	0.	0.	0.	0.
33.333333333333336	-6.699400000000003	0.	0.	0.	0.
33.333333333333336	-6.659200000000004	0.	0.	0.	0.
33.333333333333336	-6.619000000000004	0.	0.	0.	0.
33.333333333333336	-6.578800000000005	0.	0.	0.	0.
33.333333333333336	-6.538600000000005	0.	0.	0.	0.
33.333333333333336	-6.4984000000000055	0.	0.	0.	0.
33.333333333333336	-6.458200000000006	0.	0.	0.	0.
33.333333333333336	-6.418000000000006	0.	0.	0.	0.
33.333333333333336	-6.377800000000007	0.	0.	0.	0.
33.333333333333336	-6.337600000000007	0.	0.	0.	0.
33.333333333333336	-6.297400000000008	0.	0.	0.	0.
33.333333333333336	-6.257200000000008	0.	0.	0.	0.
33.333333333333336	-6.2170000000000085	0.	0.	0.	0.
33.333333333333336	-6.176800000000009	0.	0.	0.	0.
33.333333333333336	-6.136600000000009	0.	0.	0.	0.
33.333333333333336	-6.09640000000001	0.	0.	0.	0.
33.333333333333336	-6.05620000000001	0.	0.	0.	0.
33.333333333333336	-6.016000000000011	0.	0.	0.	0.
33.333333333333336	-5.975800000000011	0.	0.	0.	0.
33.333333333333336	-5.9356000000000115	0.	0.	0.	0.
33.333333333333336	-5.895400000000012	0.	0.	0.	0.
33.333333333333336	-5.855200000000012	0.	0.	0.	0.
33.333333333333336	-5.815000000000013	0.	0.	0.	0.
33.333333333333336	-5.774800000000013	0.	0.	0.	0.
33.333333333333336	-5.734600000000014	0.	0.	0.	0.
33.333333333333336	-5.694400000000014	0.	0.	0.	0.
33.333333333333336	-5.6542000000000145	0.	0.	0.	0.
33.333333333333336	-5.614000000000015	0.	0.	0.	0.
33.333333333333336	-5.573800000000015	0.	0.	0.	0.
33.333333333333336	-5.533600000000016	0.	0.	0.	0.
33.333333333333336	-5.493400000000016	0.	0.	0.	0.
33.333333333333336	-5.453200000000017	0.	0.	0.	0.
33.333333333333336	-5.413000000000017	0.	0.	0.	0.
33.333333333333336	-5.372800000000018	0.	0.	0.	0.
33.333333333333336	-5.332600000000018	0.	0.	0.	0.
33.333333333333336	-5.292400000000018	0.	0.	0.	0.
33.333333333333336	-5.252200000000019	0.	0.	0.	0.
33.333333333333336	-5.212000000000019	0.	0.	0.	0.
33.333333333333336	-5.17180000000002	0.	0.	0.	0.
33.333333333333336	-5.13160000000002	0.	0.	0.	0.
33.333333333333336	-5.091400000000021	0.	0.	0.	0.
33.333333333333336	-5.051200000000021	0.	0.	0.	0.
33.333333333333336	-5.011000000000021	0.	0.	0.	0.
33.333333333333336	-4.970800000000022	0.	0.	0.	0.
33.333333333333336	-4.930600000000022	0.	0.	0.	0.
33.333333333333336	-4.890400000000023	0.	0.	0.	0.
33.333333333333336	-4.850200000000023	0.	0.	0.	0.
33.333333333333336	-4.810000000000024	0.	0.	0.	0.
33.333333333333336	-4.769800000000024	0.	0.	0.	0.
33.333333333333336	-4.7296000000000245	0.	0.	0.	0.
33.333333333333336	-4.689400000000025	0.	0.	0.	0.
33.333333333333336	-4.649200000000025	0.	0.	0.	0.
33.333333333333336	-4.609000000000026	0.	0.	0.	0.
33.333333333333336	-4.568800000000026	0.	0.	0.	0.
33.333333333333336	-4.528600000000027	0.	0.	0.	0.
33.333333333333336	-4.488400000000027	0.	0.	0.	0.
33.333333333333336	-4.4482000000000275	0.	0.	0.	0.
33.333333333333336	-4.408000000000028	0.	0.	0.	0.
33.333333333333336	-4.367800000000028	0.	0.	0.	0.
33.333333333333336	-4.327600000000029	0.	0.	0.	0.
33.333333333333336	-4.287400000000029	0.	0.	0.	0.
33.333333333333336	-4.24720000000003	0.	0.	0.	0.
33.333333333333336	-4.20700000000003	0.	0.	0.	0.
33.333333333333336	-4.1668000000000305	0.	0.	0.	0.
33.333333333333336	-4.126600000000031	0.	0.	0.	0.
33.333333333333336	-4.086400000000031	0.	0.	0.	0.
33.333333333333336	-4.046200000000032	0.	0.	0.	0.
33.333333333333336	-4.006000000000032	0.	0.	0.	0.
33.333333333333336	-3.965800000000032	0.	0.	0.	0.
33.333333333333336	-3.925600000000032	0.	0.	0.	0.
33.333333333333336	-3.885400000000032	0.	0.	0.	0.
33.333333333333336	-3.845200000000032	0.	0.	0.	0.
33.333333333333336	-3.805000000000032	0.	0.	0.	0.
33.333333333333336	-3.764800000000032	0.	0.	0.	0.
33.333333333333336	-3.724600000000032	0.	0.	0.	0.
33.333333333333336	-3.684400000000032	0.	0.	0.	0.
33.333333333333336	-3.644200000000032	0.	0.	0.	0.
33.333333333333336	-3.604000000000032	0.	0.	0.	0.
33.333333333333336	-3.563800000000032	0.	0.	0.	0.
33.333333333333336	-3.523600000000032	0.	0.	0.	0.
33.333333333333336	-3.483400000000032	0.	0.	0.	0.
33.333333333333336	-3.443200000000032	0.	0.	0.	0.
33.333333333333336	-3.403000000000032	0.	0.	0.	0.
33.333333333333336	-3.362800000000032	0.	0.	0.	0.
33.333333333333336	-3.322600000000032	0.	0.	0.	0.
33.333333333333336	-3.282400000000032	0.	0.	0.	0.
33.333333333333336	-3.242200000000032	0.	0.	0.	0.
33.333333333333336	-3.202000000000032	0.	0.	0.	0.
33.333333333333336	-3.161800000000032	0.	0.	0.	0.
33.333333333333336	-3.121600000000032	0.	0.	0.	0.
33.333333333333336	-3.081400000000032	0.	0.	0.	0.
33.333333333333336	-3.041200000000032	0.	0.	0.	0.
33.333333333333336	-3.001000000000032	0.	0.	0.	0.
33.333333333333336	-2.960800000000032	0.	0.	0.	0.
33.333333333333336	-2.920600000000032	0.	0.	0.	0.
33.333333333333336	-2.880400000000032	0.	0.	0.	0.
33.333333333333336	-2.840200000000032	0.	0.	0.	0.
33.333333333333336	-2.800000000000032	0.	0.	0.	0.
33.333333333333336	-2.759800000000032	0.	0.	0.	0.
33.333333333333336	-2.7196000000000318	0.	0.	0.	0.
33.333333333333336	-2.6794000000000318	0.	0.	0.	0.
33.333333333333336	-2.6392000000000317	0.	0.	0.	0.
33.333333333333336	-2.5990000000000317	0.	0.	0.	0.
33.333333333333336	-2.5588000000000317	0.	0.	0.	0.
33.333333333333336	-2.5186000000000317	0.	0.	0.	0.
33.333333333333336	-2.4784000000000317	0.	0.	0.	0.
33.333333333333336	-2.4382000000000317	0.	0.	0.	0.
33.333333333333336	-2.3980000000000317	0.	0.	0.	0.
33.333333333333336	-2.3578000000000316	0.	0.	0.	0.
33.333333333333336	-2.3176000000000316	0.	0.	0.	0.
33.333333333333336	-2.2774000000000316	0.	0.	0.	0.
33.333333333333336	-2.2372000000000316	0.	0.	0.	0.
33.333333333333336	-2.1970000000000316	0.	0.	0.	0.
33.333333333333336	-2.1568000000000316	0.	0.	0.	0.
33.333333333333336	-2.1166000000000316	0.	0.	0.	0.
33.333333333333336	-2.0764000000000316	0.	0.	0.	0.
33.333333333333336	-2.0362000000000315	0.	0.	0.	0.
33.333333333333336	-1.9960000000000315	0.	0.	0.	0.
33.333333333333336	-1.9558000000000315	0.	0.	0.	0.
33.333333333333336	-1.9156000000000315	0.	0.	0.	0.
33.333333333333336	-1.8754000000000315	0.	0.	0.	0.
33.333333333333336	-1.8352000000000315	0.	0.	0.	0.
33.333333333333336	-1.7950000000000315	0.	0.	0.	0.
33.333333333333336	-1.7548000000000314	2.1684043e-18	5.674428700000001e-19	0.	0.
33.333333333333336	-1.7146000000000314	1.3175224999999999e-16	7.1313805e-19	2.5672645999999996e-33	1.4252532000000002e-34
33.333333333333336	-1.6744000000000314	5.567595e-16	7.1319607e-18	5.890841900000001e-32	8.1311316e-34
33.333333333333336	-1.6342000000000314	2.1836352e-15	2.6846445e-17	9.187610299999999e-31	1.4734776e-32
33.333333333333336	-1.5940000000000314	8.3433781e-15	1.0211164000000001e-16	1.3442845000000002e-29	2.0827539e-31
33.333333333333336	-1.5538000000000314	3.1861423e-14	3.9080731000000002e-16	1.9603540000000002e-28	3.0419137000000004e-30
33.333333333333336	-1.5136000000000314	1.216832e-13	1.4930644e-15	2.8593391e-27	4.4408889000000004e-29
33.333333333333336	-1.4734000000000314	4.647147099999999e-13	5.7032885e-15	4.1703403e-26	6.478429900000001e-28
33.333333333333336	-1.4332000000000313	1.7747614999999999e-12	2.1781417e-14	6.082476100000001e-25	9.451140899999999e-27
33.333333333333336	-1.3930000000000313	6.7778959e-12	8.318404600000001e-14	8.871361000000001e-24	1.3783959000000002e-25
33.333333333333336	-1.3528000000000313	2.5885091e-11	3.1768492999999997e-13	1.2938970999999999e-22	2.0104065000000002e-24
33.333333333333336	-1.3126000000000313	9.885635699999999e-11	1.2132542e-12	1.8871635e-21	2.932189e-23
33.333333333333336	-1.2724000000000313	3.7753698000000006e-10	4.6334749e-12	2.7524493e-20	4.2766291e-22
33.333333333333336	-1.2322000000000313	1.4418311000000001e-9	1.7695451000000002e-11	4.0144782000000006e-19	6.2375089999999994e-21
33.333333333333336	-1.1920000000000313	5.5064185e-9	6.7579718e-11	5.8551603e-18	9.0974745e-20
33.333333333333336	-1.1518000000000312	2.1029254999999998e-8	2.5808964000000004e-10	8.5398087e-17	1.3268750000000003e-18
33.333333333333336	-1.1116000000000312	8.031153399999999e-8	9.8565029e-10	1.245536e-15	1.9352521e-17
33.333333333333336	-1.0714000000000312	3.0671113e-7	3.7641572e-9	1.816602e-14	2.8225306000000004e-16
33.333333333333336	-1.0312000000000312	1.1713101000000001e-6	1.4374227e-8	2.6493881000000003e-13	4.1163785e-15
33.333333333333336	-0.9910000000000312	4.467013e-6	5.4729609e-8	3.8584094e-12	6.1096366e-14
33.333333333333336	-0.9508000000000312	0.000017058164	1.9931988e-7	5.6251991000000005e-11	8.8765567e-13
33.333333333333336	-0.9106000000000312	0.000065276581	8.4579442e-7	8.205938000000001e-10	1.335344e-11
33.333333333333336	-0.8704000000000311	0.00024896035999999997	4.823425800000001e-6	1.1922395e-8	2.0496555000000002e-10
33.333333333333336	-0.8302000000000311	0.0009371368799999999	0.000020517793000000003	1.659497e-7	4.0487631e-9
33.333333333333336	-0.7900000000000311	0.0032023853000000004	0.00004005831	1.9683579000000002e-6	5.5023929999999994e-8
33.333333333333336	-0.7498000000000311	0.0093571369	0.00015277615	0.000017035690000000003	5.0902161e-7
33.333333333333336	-0.7096000000000311	0.019298888	0.000051770065	0.000075421555	1.9776082999999999e-7
33.333333333333336	-0.6694000000000311	0.027452371	0.000087185077	0.00015318533	1.0324063e-6
33.333333333333336	-0.6292000000000311	0.032331591	0.000033362179	0.00021242600000000002	3.9083428999999996e-7
33.333333333333336	-0.589000000000031	0.040110414000000004	0.00039468032	0.00032275939	3.0057826e-6
33.333333333333336	-0.548800000000031	0.061009945	0.0010156677	0.00073136956	0.000015706787
33.333333333333336	-0.508600000000031	0.10716168	0.00072492507	0.0022248308	0.000018561479
33.333333333333336	-0.468400000000031	0.16221029	0.0013843756	0.0052890378	0.00006471272000000001
33.333333333333336	-0.428200000000031	0.20070233	0.00048528474	0.008163271199999999	0.000042810264
33.333333333333336	-0.388000000000031	0.22136733	0.00022845357	0.0099318378	0.000012287404000000001
33.333333333333336	-0.347800000000031	0.24574775	0.001010538	0.012277652	0.000040012510000000004
33.333333333333336	-0.30760000000003096	0.30629851	0.0015581596000000001	0.018739014000000002	0.00007980527
33.333333333333336	-0.26740000000003095	0.41523253	0.0014772411999999999	0.034463291	0.00011186397
33.333333333333336	-0.22720000000003093	0.53753315	0.0009677942200000001	0.06009146	0.00048181777
33.333333333333336	-0.18700000000003092	0.62920465	0.0009375867100000001	0.084803791	0.00027058598
33.333333333333336	-0.1468000000000309	0.67787106	0.00026338346	0.099861673	0.0003388528
33.333333333333336	-0.1066000000000309	0.71422122	0.0018863418000000002	0.11074478	0.00026880368
33.333333333333336	-0.0664000000000309	0.78147012	0.0013171172	0.13369469	0.00033889385
33.333333333333336	-0.026200000000030907	0.90287644	0.0024847522	0.18022952	0.00026060611
33.333333333333336	0.013999999999969093	1.0534291	0.0007796047299999999	0.25441634	0.000819008
33.333333333333336	0.05419999999996909	1.1885596	0.0032190765	0.33336219	0.0026004602
33.333333333333336	0.09439999999996909	1.2719883	0.0014880261	0.38794912	0.0012695926
33.333333333333336	0.13459999999996908	1.3117530999999998	0.00028511818	0.41451412	0.0006415134
33.333333333333336	0.1747999999999691	1.3511823	0.00084066184	0.44198425	0.0009534745
33.333333333333336	0.2149999999999691	1.4269135999999998	0.001873011	0.49561974	0.0014122197
33.333333333333336	0.2551999999999691	1.5452515999999998	0.0015232593	0.58673168	0.0014294606000000002
33.333333333333336	0.29539999999996913	1.6663982	0.0017140776	0.68864412	0.0016206829000000001
33.333333333333336	0.33559999999996915	1.7390998	0.0011221094	0.7527695	0.0010451128
33.333333333333336	0.37579999999996916	1.7727903	0.00035245959	0.78323644	0.00035030012
33.333333333333336	0.41599999999996917	1.7921551999999998	0.00026344772	0.80094452	0.00026616614999999997
33.333333333333336	0.4561999999999692	1.8232488999999998	0.0005357698199999999	0.82951608	0.0005171873
33.333333333333336	0.4963999999999692	1.8751939000000002	0.00092682283	0.87823472	0.00090356415
33.333333333333336	0.5365999999999692	1.9282704000000002	0.0005984027200000001	0.92928144	0.00058608981
33.333333333333336	0.5767999999999692	1.9550876000000001	0.00064399526	0.95548625	0.00063770961
33.333333333333336	0.6169999999999692	1.9659876	0.0001012745	0.96622181	0.00010094400000000001
33.333333333333336	0.6571999999999693	1.9709151999999999	0.000051244092	0.97108766	0.000050708935
33.333333333333336	0.6973999999999693	1.9777694000000001	0.00008765736200000001	0.9778693	0.000086862387
33.333333333333336	0.7375999999999693	1.9875709	0.00013531723	0.98760137	0.00013469831
33.333333333333336	0.7777999999999693	1.9954163999999999	0.00009435557	0.99542039	0.00009423406300000001
33.333333333333336	0.8179999999999693	1.9986428	0.000028233503	0.9986432	0.000028228696
33.333333333333336	0.8581999999999693	1.9996264	8.127442300000001e-6	0.99962641	8.1272028e-6
33.333333333333336	0.8983999999999693	1.9999012	2.3078704e-6	0.99990124	2.3078339000000003e-6
33.333333333333336	0.9385999999999693	1.9999743	3.3763598999999996e-7	0.99997434	3.3763482e-7
33.333333333333336	0.9787999999999694	1.9999933	8.217468599999999e-8	0.99999329	8.2174619e-8
33.333333333333336	1.0189999999999693	1.9999981999999998	2.1585978e-8	0.99999824	2.1585973999999997e-8
33.333333333333336	1.0591999999999693	1.9999995000000002	5.6529368e-9	0.99999954	5.6529367e-9
33.333333333333336	1.0993999999999693	1.9999999	1.4802471e-9	0.99999988	1.4802472e-9
33.333333333333336	1.1395999999999693	2.	3.8759961e-10	0.99999997	3.8759956000000004e-10
33.333333333333336	1.1797999999999693	2.	1.0149153000000001e-10	0.99999999	1.0149144000000001e-10
33.333333333333336	1.2199999999999693	2.	2.6575103e-11	1.	2.657504e-11
33.333333333333336	1.2601999999999693	2.	6.9585503999999995e-12	1.	6.958628599999999e-12
33.333333333333336	1.3003999999999694	2.	0.	1.	1.8220506e-12
33.333333333333336	1.3405999999999694	2.	0.	1.	0.
33.333333333333336	1.3807999999999694	2.	0.	1.	0.
33.333333333333336	1.4209999999999694	2.	0.	1.	0.
33.333333333333336	1.4611999999999694	2.	0.	1.	0.
33.333333333333336	1.5013999999999694	2.	0.	1.	0.
33.333333333333336	1.5415999999999694	2.	0.	1.	0.
33.333333333333336	1.5817999999999695	2.	0.	1.	0.
33.333333333333336	1.6219999999999695	2.	0.	1.	0.
33.333333333333336	1.6621999999999695	2.	0.	1.	0.
33.333333333333336	1.7023999999999695	2.	0.	1.	0.
33.333333333333336	1.7425999999999695	2.	0.	1.	0.
33.333333333333336	1.7827999999999695	2.	0.	1.	0.
33.333333333333336	1.8229999999999695	2.	0.	1.	0.
33.333333333333336	1.8631999999999695	2.	0.	1.	0.
33.333333333333336	1.9033999999999696	2.	0.	1.	0.
33.333333333333336	1.9435999999999696	2.	0.	1.	0.
33.333333333333336	1.9837999999999696	2.	0.	1.	0.
33.333333333333336	2.0239999999999694	2.	0.	1.	0.
33.333333333333336	2.0641999999999694	2.	0.	1.	0.
33.333333333333336	2.1043999999999694	2.	0.	1.	0.
33.333333333333336	2.1445999999999694	2.	0.	1.	0.
33.333333333333336	2.1847999999999694	2.	0.	1.	0.
33.333333333333336	2.2249999999999694	2.	0.	1.	0.
33.333333333333336	2.2651999999999695	2.	0.	1.	0.
33.333333333333336	2.3053999999999695	2.	0.	1.	0.
33.333333333333336	2.3455999999999695	2.	0.	1.	0.
33.333333333333336	2.3857999999999695	2.	0.	1.	0.
33.333333333333336	2.4259999999999695	2.	0.	1.	0.
33.333333333333336	2.4661999999999695	2.	0.	1.	0.
33.333333333333336	2.5063999999999695	2.	0.	1.	0.
33.333333333333336	2.5465999999999696	2.	0.	1.	0.
33.333333333333336	2.5867999999999696	2.	0.	1.	0.
33.333333333333336	2.6269999999999696	2.	0.	1.	0.
33.333333333333336	2.6671999999999696	2.	0.	1.	0.
33.333333333333336	2.7073999999999696	2.	0.	1.	0.
33.333333333333336	2.7475999999999696	2.	0.	1.	0.
33.333333333333336	2.7877999999999696	2.	0.	1.	0.
33.333333333333336	2.8279999999999696	2.	0.	1.	0.
33.333333333333336	2.8681999999999697	2.	0.	1.	0.
33.333333333333336	2.9083999999999697	2.	0.	1.	0.
33.333333333333336	2.9485999999999697	2.	0.	1.	0.
33.333333333333336	2.9887999999999697	2.	0.	1.	0.
19.6078431372549	-7.021	0.	0.	0.	0.
19.6078431372549	-6.9808	0.	0.	0.	0.
19.6078431372549	-6.940600000000001	0.	0.	0.	0.
19.6078431372549	-6.900400000000001	0.	0.	0.	0.
19.6078431372549	-6.860200000000002	0.	0.	0.	0.
19.6078431372549	-6.820000000000002	0.	0.	0.	0.
19.6078431372549	-6.7798000000000025	0.	0.	0.	0.
19.6078431372549	-6.739600000000003	0.	0.	0.	0.
19.6078431372549	-6.699400000000003	0.	0.	0.	0.
19.6078431372549	-6.659200000000004	0.	0.	0.	0.
19.6078431372549	-6.619000000000004	0.	0.	0.	0.
19.6078431372549	-6.578800000000005	0.	0.	0.	0.
19.6078431372549	-6.538600000000005	0.	0.	0.	0.
19.6078431372549	-6.4984000000000055	0.	0.	0.	0.
19.6078431372549	-6.458200000000006	0.	0.	0.	0.
19.6078431372549	-6.418000000000006	0.	0.	0.	0.
19.6078431372549	-6.377800000000007	0.	0.	0.	0.
19.6078431372549	-6.337600000000007	0.	0.	0.	0.
19.6078431372549	-6.297400000000008	0.	0.	0.	0.
19.6078431372549	-6.257200000000008	0.	0.	0.	0.
19.6078431372549	-6.2170000000000085	0.	0.	0.	0.
19.6078431372549	-6.176800000000009	0.	0.	0.	0.
19.6078431372549	-6.136600000000009	0.	0.	0.	0.
19.6078431372549	-6.09640000000001	0.	0.	0.	0.
19.6078431372549	-6.05620000000001	0.	0.	0.	0.
19.6078431372549	-6.016000000000011	0.	0.	0.	0.
19.6078431372549	-5.975800000000011	0.	0.	0.	0.
19.6078431372549	-5.9356000000000115	0.	0.	0.	0.
19.6078431372549	-5.895400000000012	0.	0.	0.	0.
19.6078431372549	-5.855200000000012	0.	0.	0.	0.
19.6078431372549	-5.815000000000013	0.	0.	0.	0.
19.6078431372549	-5.774800000000013	0.	0.	0.	0.
19.6078431372549	-5.734600000000014	0.	0.	0.	0.
19.6078431372549	-5.694400000000014	0.	0.	0.	0.
19.6078431372549	-5.6542000000000145	0.	0.	0.	0.
19.6078431372549	-5.614000000000015	0.	0.	0.	0.
19.6078431372549	-5.573800000000015	0.	0.	0.	0.
19.6078431372549	-5.533600000000016	0.	0.	0.	0.
19.6078431372549	-5.493400000000016	0.	0.	0.	0.
19.6078431372549	-5.453200000000017	0.	0.	0.	0.
19.6078431372549	-5.413000000000017	0.	0.	0.	0.
19.6078431372549	-5.372800000000018	0.	0.	0.	0.
19.6078431372549	-5.332600000000018	0.	0.	0.	0.
19.6078431372549	-5.292400000000018	0.	0.	0.	0.
19.6078431372549	-5.252200000000019	0.	0.	0.	0.
19.6078431372549	-5.212000000000019	0.	0.	0.	0.
19.6078431372549	-5.17180000000002	0.	0.	0.	0.
19.6078431372549	-5.13160000000002	0.	0.	0.	0.
19.6078431372549	-5.091400000000021	0.	0.	0.	0.
19.6078431372549	-5.051200000000021	0.	0.	0.	0.
19.6078431372549	-5.011000000000021	0.	0.	0.	0.
19.6078431372549	-4.970800000000022	0.	0.	0.	0.
19.6078431372549	-4.930600000000022	0.	0.	0.	0.
19.6078431372549	-4.890400000000023	0.	0.	0.	0.
19.6078431372549	-4.850200000000023	0.	0.	0.	0.
19.6078431372549	-4.810000000000024	0.	0.	0.	0.
19.6078431372549	-4.769800000000024	0.	0.	0.	0.
19.6078431372549	-4.7296000000000245	0.	0.	0.	0.
19.6078431372549	-4.689400000000025	0.	0.	0.	0.
19.6078431372549	-4.649200000000025	0.	0.	0.	0.
19.6078431372549	-4.609000000000026	0.	0.	0.	0.
19.6078431372549	-4.568800000000026	0.	0.	0.	0.
19.6078431372549	-4.528600000000027	0.	0.	0.	0.
19.6078431372549	-4.488400000000027	0.	0.	0.	0.
19.6078431372549	-4.4482000000000275	0.	0.	0.	0.
19.6078431372549	-4.408000000000028	0.	0.	0.	0.
19.6078431372549	-4.367800000000028	0.	0.	0.	0.
19.6078431372549	-4.327600000000029	0.	0.	0.	0.
19.6078431372549	-4.287400000000029	0.	0.	0.	0.
19.6078431372549	-4.24720000000003	0.	0.	0.	0.
19.6078431372549	-4.20700000000003	0.	0.	0.	0.
19.6078431372549	-4.1668000000000305	0.	0.	0.	0.
19.6078431372549	-4.126600000000031	0.	0.	0.	0.
19.6078431372549	-4.086400000000031	0.	0.	0.	0.
19.6078431372549	-4.046200000000032	0.	0.	0.	0.
19.6078431372549	-4.006000000000032	0.	0.	0.	0.
19.6078431372549	-3.965800000000032	0.	0.	0.	0.
19.6078431372549	-3.925600000000032	0.	0.	0.	0.
19.6078431372549	-3.885400000000032	0.	0.	0.	0.
19.6078431372549	-3.845200000000032	0.	0.	0.	0.
19.6078431372549	-3.805000000000032	0.	0.	0.	0.
19.6078431372549	-3.764800000000032	0.	0.	0.	0.
19.6078431372549	-3.724600000000032	0.	0.	0.	0.
19.6078431372549	-3.684400000000032	0.	0.	0.	0.
19.6078431372549	-3.644200000000032	0.	0.	0.	0.
19.6078431372549	-3.604000000000032	0.	0.	0.	0.
19.6078431372549	-3.563800000000032	0.	0.	0.	0.
19.6078431372549	-3.523600000000032	0.	0.	0.	0.
19.6078431372549	-3.483400000000032	0.	0.	0.	0.
19.6078431372549	-3.443200000000032	0.	0.	0.	0.
19.6078431372549	-3.403000000000032	0.	0.	0.	0.
19.6078431372549	-3.362800000000032	0.	0.	0.	0.
19.6078431372549	-3.322600000000032	0.	0.	0.	0.
19.6078431372549	-3.282400000000032	0.	0.	0.	0.
19.6078431372549	-3.242200000000032	0.	0.	0.	0.
19.6078431372549	-3.202000000000032	0.	0.	0.	0.
19.6078431372549	-3.161800000000032	0.	0.	0.	0.
19.6078431372549	-3.121600000000032	0.	0.	0.	0.
19.6078431372549	-3.081400000000032	0.	0.	0.	0.
19.6078431372549	-3.041200000000032	0.	0.	0.	0.
19.6078431372549	-3.001000000000032	0.	0.	0.	0.
19.6078431372549	-2.960800000000032	0.	0.	0.	0.
19.6078431372549	-2.920600000000032	0.	0.	0.	0.
19.6078431372549	-2.880400000000032	0.	0.	0.	0.
19.6078431372549	-2.840200000000032	0.	0.	0.	0.
19.6078431372549	-2.800000000000032	0.	0.	0.	0.
19.6078431372549	-2.759800000000032	0.	0.	0.	0.
19.6078431372549	-2.7196000000000318	0.	0.	0.	0.
19.6078431372549	-2.6794000000000318	0.	0.	0.	0.
19.6078431372549	-2.6392000000000317	0.	0.	0.	0.
19.6078431372549	-2.5990000000000317	0.	0.	0.	0.
19.6078431372549	-2.5588000000000317	0.	0.	0.	0.
19.6078431372549	-2.5186000000000317	1.7347235e-20	1.7347235e-20	0.	0.
19.6078431372549	-2.4784000000000317	2.6194324000000004e-18	3.495371e-19	0.	0.
19.6078431372549	-2.4382000000000317	4.937023e-17	2.5358133000000003e-18	0.	0.
19.6078431372549	-2.3980000000000317	1.8859914e-16	1.6752885000000003e-18	6.7195696e-33	1.8868708000000002e-34
19.6078431372549	-2.3578000000000316	4.1730508e-16	4.9290573e-18	3.4400961000000006e-32	6.4111052e-34
19.6078431372549	-2.3176000000000316	9.3050567e-16	1.1189807e-17	1.6844567999999997e-31	3.066088e-33
19.6078431372549	-2.2774000000000316	2.0688139e-15	2.2962759e-17	8.3191507e-31	1.5343288e-32
19.6078431372549	-2.2372000000000316	4.5612646e-15	5.1438912999999993e-17	4.0657980000000005e-30	7.1724173e-32
19.6078431372549	-2.1970000000000316	1.0035653e-14	1.1224661e-16	1.9673311e-29	3.5054359999999997e-31
19.6078431372549	-2.1568000000000316	2.2074079e-14	2.4741036e-16	9.520137900000001e-29	1.6822018e-30
19.6078431372549	-2.1166000000000316	4.8554598e-14	5.4374682e-16	4.6058703e-28	8.1477908e-30
19.6078431372549	-2.0764000000000316	1.0679370999999999e-13	1.1948639e-15	2.2281544999999996e-27	3.9326192000000004e-29
19.6078431372549	-2.0362000000000315	2.3489296e-13	2.6285151e-15	1.0779175999999999e-26	1.9039847e-28
19.6078431372549	-1.9960000000000315	5.1664851e-13	5.7813046e-15	5.214820999999999e-26	9.2130384e-28
19.6078431372549	-1.9558000000000315	1.1363765e-12	1.2714511e-14	2.5228569e-25	4.456162499999999e-27
19.6078431372549	-1.9156000000000315	2.4994752e-12	2.7965583e-14	1.2205226e-24	2.1556031999999998e-26
19.6078431372549	-1.8754000000000315	5.497627699999999e-12	6.1509983e-14	5.9047148000000014e-24	1.0428249000000002e-25
19.6078431372549	-1.8352000000000315	1.2092099e-11	1.3529196e-13	2.8566146e-23	5.045046000000001e-25
19.6078431372549	-1.7950000000000315	2.6596718000000003e-11	2.9757815999999996e-13	1.3819883999999997e-22	2.4407495000000005e-24
19.6078431372549	-1.7548000000000314	5.8499801e-11	6.5452507e-13	6.685856399999999e-22	1.1807937e-23
19.6078431372549	-1.7146000000000314	1.2867102e-10	1.4396358e-12	3.2345196999999997e-21	5.712503e-23
19.6078431372549	-1.6744000000000314	2.8301347e-10	3.1664949999999994e-12	1.5648132e-20	2.7636243999999995e-22
19.6078431372549	-1.6342000000000314	6.224915600000001e-10	6.9647446e-12	7.570337000000001e-20	1.3370011e-21
19.6078431372549	-1.5940000000000314	1.3691777e-9	1.5319039000000003e-11	3.662418e-19	6.4682143e-21
19.6078431372549	-1.5538000000000314	3.0115228e-9	3.3694409e-11	1.7718241000000003e-18	3.129227e-20
19.6078431372549	-1.5136000000000314	6.6238803e-9	7.411124900000001e-11	8.5718237e-18	1.5138738e-19
19.6078431372549	-1.4734000000000314	1.4569302e-8	1.6300851e-10	4.1469209e-17	7.323894800000001e-19
19.6078431372549	-1.4332000000000313	3.2045339e-8	3.5853884000000004e-10	2.0062176000000002e-16	3.5431878e-18
19.6078431372549	-1.3930000000000313	7.048403399999999e-8	7.8860884e-10	9.705766200000001e-16	1.714137e-17
19.6078431372549	-1.3528000000000313	1.5503010999999998e-7	1.7345464999999999e-9	4.6954855e-15	8.2926869e-17
19.6078431372549	-1.3126000000000313	3.4098880999999996e-7	3.8151164e-9	2.2715836000000002e-14	4.0118198000000003e-16
19.6078431372549	-1.2724000000000313	7.500002599999999e-7	8.3912032e-9	1.0989339e-13	1.9407951e-15
19.6078431372549	-1.2322000000000313	1.6495924000000002e-6	1.8455626e-8	5.316215e-13	9.3885958e-15
19.6078431372549	-1.1920000000000313	3.6280937000000005e-6	4.058889e-8	2.5716238e-12	4.5413346e-14
19.6078431372549	-1.1518000000000312	7.9750936e-6	8.396021899999999e-8	1.2435974e-11	2.0925199999999999e-13
19.6078431372549	-1.1116000000000312	0.000017537732	1.8669131999999998e-7	6.0150111e-11	9.8659241e-13
19.6078431372549	-1.0714000000000312	0.000038566266000000004	3.7802531999999997e-7	2.9090159e-10	4.1951987e-12
19.6078431372549	-1.0312000000000312	0.000084921196	9.6852316e-7	1.405828e-9	2.3915007e-11
19.6078431372549	-0.9910000000000312	0.00018771821	3.3977331000000003e-6	6.843878100000001e-9	1.3093552000000001e-10
19.6078431372549	-0.9508000000000312	0.00040912852	6.236368300000001e-6	3.2527697e-8	4.882344100000001e-10
19.6078431372549	-0.9106000000000312	0.00088961146	0.000018680576	1.5271826999999998e-7	2.8619754e-9
19.6078431372549	-0.8704000000000311	0.0018587196	0.000017973218999999998	6.752354299999999e-7	9.8107483e-9
19.6078431372549	-0.8302000000000311	0.0038820211	0.000050051587	2.8881421000000006e-6	7.6789927e-8
19.6078431372549	-0.7900000000000311	0.0075268151000000005	0.00016006264	0.000011076579000000001	2.5275070999999997e-7
19.6078431372549	-0.7498000000000311	0.01303653	0.00019073302	0.000034267451	6.4210752e-7
19.6078431372549	-0.7096000000000311	0.020940177	0.00013746491	0.00008738613800000001	7.0444675e-7
19.6078431372549	-0.6694000000000311	0.029946800000000003	0.00024090658000000003	0.00018023085	1.9913001000000003e-6
19.6078431372549	-0.6292000000000311	0.04097419	0.0004974249	0.00033834394	4.8424639000000006e-6
19.6078431372549	-0.589000000000031	0.057807113	0.00025233298	0.00065944186	1.9971846e-6
19.6078431372549	-0.548800000000031	0.082739856	0.0006413612	0.0013505611000000002	0.000017151245000000003
19.6078431372549	-0.508600000000031	0.11924102	0.0011140068000000001	0.0027563293	0.000038799792
19.6078431372549	-0.468400000000031	0.15597019	0.00054796022	0.0048579284	0.000017210822
19.6078431372549	-0.428200000000031	0.19599329	0.00093999146	0.0077042047999999995	0.000036527968
19.6078431372549	-0.388000000000031	0.23637127	0.0011456817	0.011238008	0.000039521806
19.6078431372549	-0.347800000000031	0.28535937	0.0012882793000000001	0.016313125	0.000070003551
19.6078431372549	-0.30760000000003096	0.35283969	0.001194971	0.024568122	0.00008735087900000001
19.6078431372549	-0.26740000000003095	0.43154096	0.00090580399	0.03760318000000001	0.00010492583
19.6078431372549	-0.22720000000003093	0.51933908	0.0012858135000000002	0.055685072	0.00035158829000000004
19.6078431372549	-0.18700000000003092	0.60162283	0.0015906302999999999	0.07619621	0.00035962333000000003
19.6078431372549	-0.1468000000000309	0.67272117	0.00087091339	0.09717277800000002	0.00036881385
19.6078431372549	-0.1066000000000309	0.74467664	0.001687313	0.12131722	0.00031370525
19.6078431372549	-0.0664000000000309	0.8304858	0.0013211674000000002	0.1512334	0.000069928263
19.6078431372549	-0.026200000000030907	0.93018861	0.00019960024000000002	0.19320951	0.00037961113000000004
19.6078431372549	0.013999999999969093	1.0377163	0.00048661631	0.24580397	0.0012790276
19.6078431372549	0.05419999999996909	1.1398859	0.00052947986	0.30235008	0.00073912324
19.6078431372549	0.09439999999996909	1.2296559	0.0009240460099999999	0.3589413	0.0010238121
19.6078431372549	0.13459999999996908	1.3042893	0.0010049249	0.40789682	0.001439297
19.6078431372549	0.1747999999999691	1.3771349	0.0006698439400000001	0.45978425	0.00084600257
19.6078431372549	0.2149999999999691	1.452341	0.0006118834800000001	0.51362899	0.00044511959000000003
19.6078431372549	0.2551999999999691	1.5415390000000002	0.0019787084	0.58435562	0.0019087394
19.6078431372549	0.29539999999996913	1.6229852999999999	0.0024535092	0.65111488	0.0024220001
19.6078431372549	0.33559999999996915	1.6967512	0.0017129496	0.715089	0.0016634458999999998
19.6078431372549	0.37579999999996916	1.7510640999999998	0.00075831098	0.76351667	0.00074881539
19.6078431372549	0.41599999999996917	1.7915142	0.001015172	0.80026038	0.001003313
19.6078431372549	0.4561999999999692	1.8292717	0.00075709087	0.83500962	0.00075172473
19.6078431372549	0.4963999999999692	1.8692674	0.0014332149999999998	0.8725955	0.0013937912
19.6078431372549	0.5365999999999692	1.9075581	0.0008194123500000001	0.90923179	0.0008042863000000001
19.6078431372549	0.5767999999999692	1.9356122	0.00036802207999999997	0.9364238	0.00035967448
19.6078431372549	0.6169999999999692	1.9547415000000001	0.00050239103	0.95514894	0.00049765924
19.6078431372549	0.6571999999999693	1.966812	0.0002591851	0.96703104	0.00025748837000000004
19.6078431372549	0.6973999999999693	1.9764202	0.00021304117	0.97653163	0.00021131347000000002
19.6078431372549	0.7375999999999693	1.9845806	0.00020852555	0.98462805	0.00020767653
19.6078431372549	0.7777999999999693	1.9910768	0.00015440084000000002	0.99109255	0.00015406044
19.6078431372549	0.8179999999999693	1.9952112999999998	0.00006652341	0.99521572	0.000066384085
19.6078431372549	0.8581999999999693	1.9976916999999998	0.000018300034	0.99769273	0.000018280902
19.6078431372549	0.8983999999999693	1.9988888	0.000015322572	0.99888908	0.000015319369
19.6078431372549	0.9385999999999693	1.9994825999999999	9.5747873e-6	0.99948261	9.573982100000001e-6
19.6078431372549	0.9787999999999694	1.9997618	4.1319471e-6	0.99976183	4.131759400000001e-6
19.6078431372549	1.0189999999999693	1.9998921	1.2425866e-6	0.99989213	1.2425525e-6
19.6078431372549	1.0591999999999693	1.999951	5.138334399999999e-7	0.99995101	5.1382719e-7
19.6078431372549	1.0993999999999693	1.9999776999999999	2.3708166999999997e-7	0.99997773	2.3708034999999998e-7
19.6078431372549	1.1395999999999693	1.9999898999999999	1.0663801e-7	0.99998987	1.0663772e-7
19.6078431372549	1.1797999999999693	1.9999954	5.1423119999999995e-8	0.9999954	5.1423059e-8
19.6078431372549	1.2199999999999693	1.9999979	2.3442723999999998e-8	0.9999979	2.3442710999999997e-8
19.6078431372549	1.2601999999999693	1.999999	1.0658826999999999e-8	0.99999905	1.0658824e-8
19.6078431372549	1.3003999999999694	1.9999996	4.8461367e-9	0.99999957	4.8461359999999995e-9
19.6078431372549	1.3405999999999694	1.9999997999999999	2.2033069999999998e-9	0.9999998	2.2033069999999998e-9
19.6078431372549	1.3807999999999694	1.9999999	1.0017313e-9	0.99999991	1.0017313e-9
19.6078431372549	1.4209999999999694	2.	4.5543477e-10	0.99999996	4.5543465000000003e-10
19.6078431372549	1.4611999999999694	2.	2.0706185e-10	0.99999998	2.0706190000000002e-10
19.6078431372549	1.5013999999999694	2.	9.413994100000001e-11	0.99999999	9.413997400000001e-11
19.6078431372549	1.5415999999999694	2.	4.2800464e-11	1.	4.2800409e-11
19.6078431372549	1.5817999999999695	2.	1.9459111e-11	1.	1.9459075000000002e-11
19.6078431372549	1.6219999999999695	2.	8.846756199999999e-12	1.	8.8470005e-12
19.6078431372549	1.6621999999999695	2.	4.0223641e-12	1.	4.0221932e-12
19.6078431372549	1.7023999999999695	2.	0.	1.	1.8286454999999997e-12
19.6078431372549	1.7425999999999695	2.	0.	1.	0.
19.6078431372549	1.7827999999999695	2.	0.	1.	0.
19.6078431372549	1.8229999999999695	2.	0.	1.	0.
19.6078431372549	1.8631999999999695	2.	0.	1.	0.
19.6078431372549	1.9033999999999696	2.	0.	1.	0.
19.6078431372549	1.9435999999999696	2.	0.	1.	0.
19.6078431372549	1.9837999999999696	2.	0.	1.	0.
19.6078431372549	2.0239999999999694	2.	0.	1.	0.
19.6078431372549	2.0641999999999694	2.	0.	1.	0.
19.6078431372549	2.1043999999999694	2.	0.	1.	0.
19.6078431372549	2.1445999999999694	2.	0.	1.	0.
19.6078431372549	2.1847999999999694	2.	0.	1.	0.
19.6078431372549	2.2249999999999694	2.	0.	1.	0.
19.6078431372549	2.2651999999999695	2.	0.	1.	0.
19.6078431372549	2.3053999999999695	2.	0.	1.	0.
19.6078431372549	2.3455999999999695	2.	0.	1.	0.
19.6078431372549	2.3857999999999695	2.	0.	1.	0.
19.6078431372549	2.4259999999999695	2.	0.	1.	0.
19.6078431372549	2.4661999999999695	2.	0.	1.	0.
19.6078431372549	2.5063999999999695	2.	0.	1.	0.
19.6078431372549	2.5465999999999696	2.	0.	1.	0.
19.6078431372549	2.5867999999999696	2.	0.	1.	0.
19.6078431372549	2.6269999999999696	2.	0.	1.	0.
19.6078431372549	2.6671999999999696	2.	0.	1.	0.
19.6078431372549	2.7073999999999696	2.	0.	1.	0.
19.6078431372549	2.7475999999999696	2.	0.	1.	0.
19.6078431372549	2.7877999999999696	2.	0.	1.	0.
19.6078431372549	2.8279999999999696	2.	0.	1.	0.
19.6078431372549	2.8681999999999697	2.	0.	1.	0.
19.6078431372549	2.9083999999999697	2.	0.	1.	0.
19.6078431372549	2.9485999999999697	2.	0.	1.	0.
19.6078431372549	2.9887999999999697	2.	0.	1.	0.
13.888888888888888	-7.021	0.	0.	0.	0.
13.888888888888888	-6.9808	0.	0.	0.	0.
13.888888888888888	-6.940600000000001	0.	0.	0.	0.
13.888888888888888	-6.900400000000001	0.	0.	0.	0.
13.888888888888888	-6.860200000000002	0.	0.	0.	0.
13.888888888888888	-6.820000000000002	0.	0.	0.	0.
13.888888888888888	-6.7798000000000025	0.	0.	0.	0.
13.888888888888888	-6.739600000000003	0.	0.	0.	0.
13.888888888888888	-6.699400000000003	0.	0.	0.	0.
13.888888888888888	-6.659200000000004	0.	0.	0.	0.
13.888888888888888	-6.619000000000004	0.	0.	0.	0.
13.888888888888888	-6.578800000000005	0.	0.	0.	0.
13.888888888888888	-6.538600000000005	0.	0.	0.	0.
13.888888888888888	-6.4984000000000055	0.	0.	0.	0.
13.888888888888888	-6.458200000000006	0.	0.	0.	0.
13.888888888888888	-6.418000000000006	0.	0.	0.	0.
13.888888888888888	-6.377800000000007	0.	0.	0.	0.
13.888888888888888	-6.337600000000007	0.	0.	0.	0.
13.888888888888888	-6.297400000000008	0.	0.	0.	0.
13.888888888888888	-6.257200000000008	0.	0.	0.	0.
13.888888888888888	-6.2170000000000085	0.	0.	0.	0.
13.888888888888888	-6.176800000000009	0.	0.	0.	0.
13.888888888888888	-6.136600000000009	0.	0.	0.	0.
13.888888888888888	-6.09640000000001	0.	0.	0.	0.
13.888888888888888	-6.05620000000001	0.	0.	0.	0.
13.888888888888888	-6.016000000000011	0.	0.	0.	0.
13.888888888888888	-5.975800000000011	0.	0.	0.	0.
13.888888888888888	-5.9356000000000115	0.	0.	0.	0.
13.888888888888888	-5.895400000000012	0.	0.	0.	0.
13.888888888888888	-5.855200000000012	0.	0.	0.	0.
13.888888888888888	-5.815000000000013	0.	0.	0.	0.
13.888888888888888	-5.774800000000013	0.	0.	0.	0.
13.888888888888888	-5.734600000000014	0.	0.	0.	0.
13.888888888888888	-5.694400000000014	0.	0.	0.	0.
13.888888888888888	-5.6542000000000145	0.	0.	0.	0.
13.888888888888888	-5.614000000000015	0.	0.	0.	0.
13.888888888888888	-5.573800000000015	0.	0.	0.	0.
13.888888888888888	-5.533600000000016	0.	0.	0.	0.
13.888888888888888	-5.493400000000016	0.	0.	0.	0.
13.888888888888888	-5.453200000000017	0.	0.	0.	0.
13.888888888888888	-5.413000000000017	0.	0.	0.	0.
13.888888888888888	-5.372800000000018	0.	0.	0.	0.
13.888888888888888	-5.332600000000018	0.	0.	0.	0.
13.888888888888888	-5.292400000000018	0.	0.	0.	0.
13.888888888888888	-5.252200000000019	0.	0.	0.	0.
13.888888888888888	-5.212000000000019	0.	0.	0.	0.
13.888888888888888	-5.17180000000002	0.	0.	0.	0.
13.888888888888888	-5.13160000000002	0.	0.	0.	0.
13.888888888888888	-5.091400000000021	0.	0.	0.	0.
13.888888888888888	-5.051200000000021	0.	0.	0.	0.
13.888888888888888	-5.011000000000021	0.	0.	0.	0.
13.888888888888888	-4.970800000000022	0.	0.	0.	0.
13.888888888888888	-4.930600000000022	0.	0.	0.	0.
13.888888888888888	-4.890400000000023	0.	0.	0.	0.
13.888888888888888	-4.850200000000023	0.	0.	0.	0.
13.888888888888888	-4.810000000000024	0.	0.	0.	0.
13.888888888888888	-4.769800000000024	0.	0.	0.	0.
13.888888888888888	-4.7296000000000245	0.	0.	0.	0.
13.888888888888888	-4.689400000000025	0.	0.	0.	0.
13.888888888888888	-4.649200000000025	0.	0.	0.	0.
13.888888888888888	-4.609000000000026	0.	0.	0.	0.
13.888888888888888	-4.568800000000026	0.	0.	0.	0.
13.888888888888888	-4.528600000000027	0.	0.	0.	0.
13.888888888888888	-4.488400000000027	0.	0.	0.	0.
13.888888888888888	-4.4482000000000275	0.	0.	0.	0.
13.888888888888888	-4.408000000000028	0.	0.	0.	0.
13.888888888888888	-4.367800000000028	0.	0.	0.	0.
13.888888888888888	-4.327600000000029	0.	0.	0.	0.
13.888888888888888	-4.287400000000029	0.	0.	0.	0.
13.888888888888888	-4.24720000000003	0.	0.	0.	0.
13.888888888888888	-4.20700000000003	0.	0.	0.	0.
13.888888888888888	-4.1668000000000305	0.	0.	0.	0.
13.888888888888888	-4.126600000000031	0.	0.	0.	0.
13.888888888888888	-4.086400000000031	0.	0.	0.	0.
13.888888888888888	-4.046200000000032	0.	0.	0.	0.
13.888888888888888	-4.006000000000032	0.	0.	0.	0.
13.888888888888888	-3.965800000000032	0.	0.	0.	0.
13.888888888888888	-3.925600000000032	0.	0.	0.	0.
13.888888888888888	-3.885400000000032	0.	0.	0.	0.
13.888888888888888	-3.845200000000032	0.	0.	0.	0.
13.888888888888888	-3.805000000000032	0.	0.	0.	0.
13.888888888888888	-3.764800000000032	0.	0.	0.	0.
13.888888888888888	-3.724600000000032	0.	0.	0.	0.
13.888888888888888	-3.684400000000032	0.	0.	0.	0.
13.888888888888888	-3.644200000000032	0.	0.	0.	0.
13.888888888888888	-3.604000000000032	0.	0.	0.	0.
13.888888888888888	-3.563800000000032	0.	0.	0.	0.
13.888888888888888	-3.523600000000032	0.	0.	0.	0.
13.888888888888888	-3.483400000000032	0.	0.	0.	0.
13.888888888888888	-3.443200000000032	0.	0.	0.	0.
13.888888888888888	-3.403000000000032	0.	0.	0.	0.
13.888888888888888	-3.362800000000032	0.	0.	0.	0.
13.888888888888888	-3.322600000000032	0.	0.	0.	0.
13.888888888888888	-3.282400000000032	1.7347235e-20	1.7347235e-20	0.	0.
13.888888888888888	-3.242200000000032	5.2041704000000005e-19	7.2568689e-20	0.	0.
13.888888888888888	-3.202000000000032	6.8521577000000004e-18	7.298219000000001e-19	0.	0.
13.888888888888888	-3.161800000000032	4.2830323e-17	2.5393709e-18	0.	0.
13.888888888888888	-3.121600000000032	1.2960119e-16	1.4139327e-18	2.0260782999999998e-33	8.912499600000001e-35
13.888888888888888	-3.081400000000032	2.5295738000000005e-16	3.4829299000000005e-18	1.2006247000000002e-32	2.5596399e-34
13.888888888888888	-3.041200000000032	4.3885034000000006e-16	5.3962588e-18	3.7520967000000005e-32	6.860718300000001e-34
13.888888888888888	-3.001000000000032	7.710152e-16	1.0247335000000001e-17	1.1378008999999999e-31	2.2490677e-33
13.888888888888888	-2.960800000000032	1.3532404e-15	1.8283471e-17	3.4923464999999995e-31	6.4494485e-33
13.888888888888888	-2.920600000000032	2.382608e-15	3.1016104e-17	1.0843929e-30	2.0005091000000001e-32
13.888888888888888	-2.880400000000032	4.1739182e-15	5.3919296999999996e-17	3.3457159e-30	6.0410515e-32
13.888888888888888	-2.840200000000032	7.2907305e-15	9.4011924e-17	1.0201741000000001e-29	1.8395217999999997e-31
13.888888888888888	-2.800000000000032	1.2745915e-14	1.6479074e-16	3.1172077e-29	5.645112599999999e-31
13.888888888888888	-2.759800000000032	2.228143e-14	2.8749479000000004e-16	9.529031600000001e-29	1.7213729e-30
13.888888888888888	-2.7196000000000318	3.8943119999999996e-14	5.028267400000001e-16	2.9110195e-28	5.2749883e-30
13.888888888888888	-2.6794000000000318	6.8060401e-14	8.795294900000001e-16	8.8912076e-28	1.6125062000000004e-29
13.888888888888888	-2.6392000000000317	1.1895216e-13	1.5361145e-15	2.7158758999999995e-27	4.919263300000001e-29
13.888888888888888	-2.5990000000000317	2.0790065999999998e-13	2.6847272e-15	8.296096799999999e-27	1.5024632e-28
13.888888888888888	-2.5588000000000317	3.6335899999999996e-13	4.6926387e-15	2.5341573999999997e-26	4.589916600000001e-28
13.888888888888888	-2.5186000000000317	6.3506445e-13	8.2013888e-15	7.7410019e-26	1.4024181999999997e-27
13.888888888888888	-2.4784000000000317	1.1099404e-12	1.4334631e-14	2.3646147000000005e-25	4.2841318e-27
13.888888888888888	-2.4382000000000317	1.9399058999999996e-12	2.5052386e-14	7.223091200000001e-25	1.3086559e-26
13.888888888888888	-2.3980000000000317	3.3904867999999998e-12	4.3787073e-14	2.2064097e-24	3.9976272e-26
13.888888888888888	-2.3578000000000316	5.9257504e-12	7.6527581e-14	6.7398224e-24	1.2210661e-25
13.888888888888888	-2.3176000000000316	1.0356776e-11	1.3375121e-13	2.0587845e-23	3.7299391e-25
13.888888888888888	-2.2774000000000316	1.8101139e-11	2.3376493e-13	6.2888829e-23	1.1393749000000002e-24
13.888888888888888	-2.2372000000000316	3.1636408e-11	4.0856429e-13	1.9210383999999998e-22	3.4804001e-24
13.888888888888888	-2.1970000000000316	5.5292783e-11	7.140727999999999e-13	5.8681147e-22	1.0631453000000001e-23
13.888888888888888	-2.1568000000000316	9.663839800000001e-11	1.2480254e-12	1.7925081e-21	3.2475411e-23
13.888888888888888	-2.1166000000000316	1.6890053000000001e-10	2.1812458e-12	5.4754987e-21	9.9201243e-23
13.888888888888888	-2.0764000000000316	2.9519723e-10	3.8122915e-12	1.6725775e-20	3.0302609e-22
13.888888888888888	-2.0362000000000315	5.159333000000001e-10	6.662962199999999e-12	5.1091516999999996e-20	9.256408999999998e-22
13.888888888888888	-1.9960000000000315	9.017265000000001e-10	1.1645246e-11	1.560671e-19	2.8275164e-21
13.888888888888888	-1.9558000000000315	1.5759996000000002e-9	2.035307e-11	4.767315500000001e-19	8.637095e-21
13.888888888888888	-1.9156000000000315	2.7544658000000002e-9	3.5572238e-11	1.4562517000000001e-18	2.6383366000000002e-20
13.888888888888888	-1.8754000000000315	4.8141392e-9	6.217165500000001e-11	4.448350200000001e-18	8.059214599999999e-20
13.888888888888888	-1.8352000000000315	8.4139494e-9	1.0866099e-10	1.3588185e-17	2.4618137000000004e-19
13.888888888888888	-1.7950000000000315	1.4705545e-8	1.8991307e-10	4.1507246e-17	7.519995600000001e-19
13.888888888888888	-1.7548000000000314	2.5701727e-8	3.3192195000000003e-10	1.2679038000000002e-16	2.2970997000000002e-18
13.888888888888888	-1.7146000000000314	4.4920379e-8	5.8011885e-10	3.8730091000000004e-16	7.0168455e-18
13.888888888888888	-1.6744000000000314	7.850989699999999e-8	1.0139062e-9	1.1830702e-15	2.1434019e-17
13.888888888888888	-1.6342000000000314	1.3721613999999998e-7	1.7720592e-9	3.6138662999999996e-15	6.5473364e-17
13.888888888888888	-1.5940000000000314	2.398201e-7	3.0971202e-9	1.1039081000000001e-14	1.999975e-16
13.888888888888888	-1.5538000000000314	4.19146e-7	5.4129846e-9	3.3720378e-14	6.1091743e-16
13.888888888888888	-1.5136000000000314	7.3256122e-7	9.4604899e-9	1.0300296e-13	1.866109e-15
13.888888888888888	-1.4734000000000314	1.2803258000000003e-6	1.653435e-8	3.1463207999999997e-13	5.7001391e-15
13.888888888888888	-1.4332000000000313	2.2376574000000002e-6	2.8897137999999998e-8	9.6105751e-13	1.7410986e-14
13.888888888888888	-1.3930000000000313	3.9075443000000005e-6	4.9995210999999996e-8	2.9328011999999997e-12	5.2340288000000006e-14
13.888888888888888	-1.3528000000000313	6.829048100000001e-6	8.7371125e-8	8.957685399999999e-12	1.5985392e-13
13.888888888888888	-1.3126000000000313	0.000011939418	1.4725145e-7	2.7390858000000003e-11	4.6304331e-13
13.888888888888888	-1.2724000000000313	0.000020863541	2.5728432e-7	8.364064300000001e-11	1.4136847999999998e-12
13.888888888888888	-1.2322000000000313	0.0000364454	4.0580707999999995e-7	2.5540533e-10	3.7265354e-12
13.888888888888888	-1.1920000000000313	0.000063699849	7.2053047e-7	7.7871762e-10	1.1933376e-11
13.888888888888888	-1.1518000000000312	0.00011110855999999999	1.1873944e-6	2.3700491000000002e-9	3.6714685000000005e-11
13.888888888888888	-1.1116000000000312	0.00019508037	3.3562576000000003e-6	7.275151399999999e-9	1.1617699e-10
13.888888888888888	-1.0714000000000312	0.00034005587	5.9141404e-6	2.2166900999999997e-8	4.0155169000000006e-10
13.888888888888888	-1.0312000000000312	0.00058980225	0.000010803134000000001	6.669017399999999e-8	1.1990056e-9
13.888888888888888	-0.9910000000000312	0.0010167664999999998	0.000013257516	1.9890292e-7	2.2093208000000002e-9
13.888888888888888	-0.9508000000000312	0.0017506696999999999	0.000023380127	5.8854289e-7	5.0713953e-9
13.888888888888888	-0.9106000000000312	0.0029560408	7.293409800000001e-6	1.6808647e-6	1.2761262e-8
13.888888888888888	-0.8704000000000311	0.0049120444	0.00006140065300000001	4.658539500000001e-6	1.1006433999999999e-7
13.888888888888888	-0.8302000000000311	0.0081514337	0.00013336861	0.000012739464	3.3695309e-7
13.888888888888888	-0.7900000000000311	0.012722496	0.00015485289999999998	0.000031186721	3.3287677999999997e-7
13.888888888888888	-0.7498000000000311	0.019282325000000003	0.00022807174	0.000073742862	9.759644599999999e-7
13.888888888888888	-0.7096000000000311	0.028377951000000002	0.00028526	0.00015429856000000002	3.2726189e-6
13.888888888888888	-0.6694000000000311	0.039825538	0.00030743464	0.00030879748	1.7793145000000001e-6
13.888888888888888	-0.6292000000000311	0.05522160400000001	0.00037568295	0.00058420205	4.839311600000001e-6
13.888888888888888	-0.589000000000031	0.07500002500000001	0.00039625272000000004	0.0010836374	4.9379623e-6
13.888888888888888	-0.548800000000031	0.10184429	0.00079245567	0.0019804677000000003	0.000016277462
13.888888888888888	-0.508600000000031	0.13195225	0.0022748612	0.0034040142	0.000049178541
13.888888888888888	-0.468400000000031	0.17112136	0.0015217489000000002	0.005607967900000001	0.000021032029
13.888888888888888	-0.428200000000031	0.21451575	0.0010734551	0.0088779015	0.00004984656700000001
13.888888888888888	-0.388000000000031	0.26012247	0.0011013913	0.013227276	0.000026817534999999998
13.888888888888888	-0.347800000000031	0.31507326	0.0023435845	0.019428905	0.00009231742200000001
13.888888888888888	-0.30760000000003096	0.37747745	0.0018802012000000002	0.028275653	0.000082219104
13.888888888888888	-0.26740000000003095	0.44936812	0.0029972792	0.040410783000000006	0.00014107861
13.888888888888888	-0.22720000000003093	0.52333817	0.0012340309	0.056553526	0.00014727598
13.888888888888888	-0.18700000000003092	0.60271264	0.0012521523000000002	0.075730452	0.00015124653
13.888888888888888	-0.1468000000000309	0.68086529	0.00080291874	0.09883035100000001	0.00035507009
13.888888888888888	-0.1066000000000309	0.76190257	0.00039877053	0.12548423	0.00033569356
13.888888888888888	-0.0664000000000309	0.8488523	0.00050033986	0.15808135	0.00045167880999999997
13.888888888888888	-0.026200000000030907	0.93897421	0.00032309261000000003	0.19833725	0.00088699758
13.888888888888888	0.013999999999969093	1.0327086	0.00016836797	0.24406302	0.0007382947500000001
13.888888888888888	0.05419999999996909	1.1231554000000001	0.0008081042100000001	0.29149519	0.0014469742999999998
13.888888888888888	0.09439999999996909	1.211495	0.00073132188	0.34572289	0.0012172783
13.888888888888888	0.13459999999996908	1.2933810000000001	0.0010417031	0.3990854	0.0012970977000000001
13.888888888888888	0.1747999999999691	1.3719379	0.00044791562	0.45361592	0.00019734640000000002
13.888888888888888	0.2149999999999691	1.4533343	0.0011919869	0.51538851	0.001215372
13.888888888888888	0.2551999999999691	1.5269372	0.0013530145	0.57205354	0.0015049014
13.888888888888888	0.29539999999996913	1.5995919	0.00092136867	0.63111007	0.00091401228
13.888888888888888	0.33559999999996915	1.6674202	0.0017886078	0.68922661	0.0018258832
13.888888888888888	0.37579999999996916	1.7268922	0.00099089769	0.74177641	0.00096742346
13.888888888888888	0.41599999999996917	1.7773295	0.0012819396	0.78729003	0.0012431392
13.888888888888888	0.4561999999999692	1.8160927	0.0010233773000000001	0.82266649	0.000968742
13.888888888888888	0.4963999999999692	1.8535722	0.0008366004500000001	0.85766085	0.00081365834
13.888888888888888	0.5365999999999692	1.8911737	0.0010350567	0.89349051	0.0010189457
13.888888888888888	0.5767999999999692	1.9181435	0.00067421041	0.91943624	0.0006684874200000001
13.888888888888888	0.6169999999999692	1.9396596	0.0010077176	0.94035994	0.00099553218
13.888888888888888	0.6571999999999693	1.956015	0.00029071952000000003	0.95639019	0.000287955
13.888888888888888	0.6973999999999693	1.9685659	0.00027150741000000003	0.96875825	0.00027007666
13.888888888888888	0.7375999999999693	1.9782873	0.00017874354000000002	0.97837842	0.0001782562
13.888888888888888	0.7777999999999693	1.985579	0.00013455255999999998	0.98562003	0.00013415467
13.888888888888888	0.8179999999999693	1.990672	0.00012285572	0.99068894	0.0001224993
13.888888888888888	0.8581999999999693	1.9941811	0.000062191157	0.9941875	0.000062060617
13.888888888888888	0.8983999999999693	1.9965756000000001	0.000023210808	0.99657787	0.00002319125
13.888888888888888	0.9385999999999693	1.9979398000000002	0.000020131491	0.99794065	0.000020124294000000003
13.888888888888888	0.9787999999999694	1.9987946	0.000015100138	0.99879484	0.000015097394
13.888888888888888	1.0189999999999693	1.9993047	0.000012325164	0.99930476	0.000012323536
13.888888888888888	1.0591999999999693	1.9995980999999998	6.391082300000001e-6	0.99959816	6.390582400000001e-6
13.888888888888888	1.0993999999999693	1.9997688999999998	4.0891102e-6	0.9997689	4.0889373e-6
13.888888888888888	1.1395999999999693	1.9998682	1.6722038e-6	0.9998682	1.6721474e-6
13.888888888888888	1.1797999999999693	1.9999244999999999	8.8691823e-7	0.99992445	8.869015799999999e-7
13.888888888888888	1.2199999999999693	1.9999568	4.8451694e-7	0.99995683	4.8451182e-7
13.888888888888888	1.2601999999999693	1.9999753	3.0475239999999994e-7	0.99997529	3.0475055e-7
13.888888888888888	1.3003999999999694	1.9999859	1.744283e-7	0.99998586	1.7442769e-7
13.888888888888888	1.3405999999999694	1.9999919	1.0349961999999999e-7	0.99999191	1.0349941e-7
13.888888888888888	1.3807999999999694	1.9999954	5.9225254999999995e-8	0.99999537	5.9225185999999996e-8
13.888888888888888	1.4209999999999694	1.9999973	3.4232436999999995e-8	0.99999735	3.4232414e-8
13.888888888888888	1.4611999999999694	1.9999985	1.9587212e-8	0.99999848	1.9587204999999998e-8
13.888888888888888	1.5013999999999694	1.9999991000000001	1.1207288e-8	0.99999913	1.1207286e-8
13.888888888888888	1.5415999999999694	1.9999995000000002	6.4124578e-9	0.9999995	6.4124573e-9
13.888888888888888	1.5817999999999695	1.9999997	3.6689878e-9	0.99999972	3.6689876e-9
13.888888888888888	1.6219999999999695	1.9999997999999999	2.0992625e-9	0.99999984	2.0992623e-9
13.888888888888888	1.6621999999999695	1.9999999	1.20112e-9	0.99999991	1.20112e-9
13.888888888888888	1.7023999999999695	1.9999999	6.8723583e-10	0.99999995	6.872357000000001e-10
13.888888888888888	1.7425999999999695	2.	3.9321025e-10	0.99999997	3.9321023e-10
13.888888888888888	1.7827999999999695	2.	2.2497985e-10	0.99999998	2.2497986000000003e-10
13.888888888888888	1.8229999999999695	2.	1.2872478000000002e-10	0.99999999	1.287248e-10
13.888888888888888	1.8631999999999695	2.	7.3651352e-11	0.99999999	7.365145400000001e-11
13.888888888888888	1.9033999999999696	2.	4.2140274e-11	1.	4.2140465e-11
13.888888888888888	1.9435999999999696	2.	2.4111198e-11	1.	2.4111229000000003e-11
13.888888888888888	1.9837999999999696	2.	1.3795449000000002e-11	1.	1.3795538e-11
13.888888888888888	2.0239999999999694	2.	7.8930955e-12	1.	7.893297299999998e-12
13.888888888888888	2.0641999999999694	2.	4.5162783e-12	1.	4.5162033e-12
13.888888888888888	2.1043999999999694	2.	2.5840710999999997e-12	1.	2.5840394999999997e-12
13.888888888888888	2.1445999999999694	2.	0.	1.	1.4784533999999998e-12
13.888888888888888	2.1847999999999694	2.	0.	1.	0.
13.888888888888888	2.2249999999999694	2.	0.	1.	0.
13.888888888888888	2.2651999999999695	2.	0.	1.	0.
13.888888888888888	2.3053999999999695	2.	0.	1.	0.
13.888888888888888	2.3455999999999695	2.	0.	1.	0.
13.888888888888888	2.3857999999999695	2.	0.	1.	0.
13.888888888888888	2.4259999999999695	2.	0.	1.	0.
13.888888888888888	2.4661999999999695	2.	0.	1.	0.
13.888888888888888	2.5063999999999695	2.	0.	1.	0.
13.888888888888888	2.5465999999999696	2.	0.	1.	0.
13.888888888888888	2.5867999999999696	2.	0.	1.	0.
13.888888888888888	2.6269999999999696	2.	0.	1.	0.
13.888888888888888	2.6671999999999696	2.	0.	1.	0.
13.888888888888888	2.7073999999999696	2.	0.	1.	0.
13.888888888888888	2.7475999999999696	2.	0.	1.	0.
13.888888888888888	2.7877999999999696	2.	0.	1.	0.
13.888888888888888	2.8279999999999696	2.	0.	1.	0.
13.888888888888888	2.8681999999999697	2.	0.	1.	0.
13.888888888888888	2.9083999999999697	2.	0.	1.	0.
13.888888888888888	2.9485999999999697	2.	0.	1.	0.
13.888888888888888	2.9887999999999697	2.	0.	1.	0.
10.75268817204301	-7.021	0.	0.	0.	0.
10.75268817204301	-6.9808	0.	0.	0.	0.
10.75268817204301	-6.940600000000001	0.	0.	0.	0.
10.75268817204301	-6.900400000000001	0.	0.	0.	0.
10.75268817204301	-6.860200000000002	0.	0.	0.	0.
10.75268817204301	-6.820000000000002	0.	0.	0.	0.
10.75268817204301	-6.7798000000000025	0.	0.	0.	0.
10.75268817204301	-6.739600000000003	0.	0.	0.	0.
10.75268817204301	-6.699400000000003	0.	0.	0.	0.
10.75268817204301	-6.659200000000004	0.	0.	0.	0.
10.75268817204301	-6.619000000000004	0.	0.	0.	0.
10.75268817204301	-6.578800000000005	0.	0.	0.	0.
10.75268817204301	-6.538600000000005	0.	0.	0.	0.
10.75268817204301	-6.4984000000000055	0.	0.	0.	0.
10.75268817204301	-6.458200000000006	0.	0.	0.	0.
10.75268817204301	-6.418000000000006	0.	0.	0.	0.
10.75268817204301	-6.377800000000007	0.	0.	0.	0.
10.75268817204301	-6.337600000000007	0.	0.	0.	0.
10.75268817204301	-6.297400000000008	0.	0.	0.	0.
10.75268817204301	-6.257200000000008	0.	0.	0.	0.
10.75268817204301	-6.2170000000000085	0.	0.	0.	0.
10.75268817204301	-6.176800000000009	0.	0.	0.	0.
10.75268817204301	-6.136600000000009	0.	0.	0.	0.
10.75268817204301	-6.09640000000001	0.	0.	0.	0.
10.75268817204301	-6.05620000000001	0.	0.	0.	0.
10.75268817204301	-6.016000000000011	0.	0.	0.	0.
10.75268817204301	-5.975800000000011	0.	0.	0.	0.
10.75268817204301	-5.9356000000000115	0.	0.	0.	0.
10.75268817204301	-5.895400000000012	0.	0.	0.	0.
10.75268817204301	-5.855200000000012	0.	0.	0.	0.
10.75268817204301	-5.815000000000013	0.	0.	0.	0.
10.75268817204301	-5.774800000000013	0.	0.	0.	0.
10.75268817204301	-5.734600000000014	0.	0.	0.	0.
10.75268817204301	-5.694400000000014	0.	0.	0.	0.
10.75268817204301	-5.6542000000000145	0.	0.	0.	0.
10.75268817204301	-5.614000000000015	0.	0.	0.	0.
10.75268817204301	-5.573800000000015	0.	0.	0.	0.
10.75268817204301	-5.533600000000016	0.	0.	0.	0.
10.75268817204301	-5.493400000000016	0.	0.	0.	0.
10.75268817204301	-5.453200000000017	0.	0.	0.	0.
10.75268817204301	-5.413000000000017	0.	0.	0.	0.
10.75268817204301	-5.372800000000018	0.	0.	0.	0.
10.75268817204301	-5.332600000000018	0.	0.	0.	0.
10.75268817204301	-5.292400000000018	0.	0.	0.	0.
10.75268817204301	-5.252200000000019	0.	0.	0.	0.
10.75268817204301	-5.212000000000019	0.	0.	0.	0.
10.75268817204301	-5.17180000000002	0.	0.	0.	0.
10.75268817204301	-5.13160000000002	0.	0.	0.	0.
10.75268817204301	-5.091400000000021	0.	0.	0.	0.
10.75268817204301	-5.051200000000021	0.	0.	0.	0.
10.75268817204301	-5.011000000000021	0.	0.	0.	0.
10.75268817204301	-4.970800000000022	0.	0.	0.	0.
10.75268817204301	-4.930600000000022	0.	0.	0.	0.
10.75268817204301	-4.890400000000023	0.	0.	0.	0.
10.75268817204301	-4.850200000000023	0.	0.	0.	0.
10.75268817204301	-4.810000000000024	0.	0.	0.	0.
10.75268817204301	-4.769800000000024	0.	0.	0.	0.
10.75268817204301	-4.7296000000000245	0.	0.	0.	0.
10.75268817204301	-4.689400000000025	0.	0.	0.	0.
10.75268817204301	-4.649200000000025	0.	0.	0.	0.
10.75268817204301	-4.609000000000026	0.	0.	0.	0.
10.75268817204301	-4.568800000000026	0.	0.	0.	0.
10.75268817204301	-4.528600000000027	0.	0.	0.	0.
10.75268817204301	-4.488400000000027	0.	0.	0.	0.
10.75268817204301	-4.4482000000000275	0.	0.	0.	0.
10.75268817204301	-4.408000000000028	0.	0.	0.	0.
10.75268817204301	-4.367800000000028	0.	0.	0.	0.
10.75268817204301	-4.327600000000029	0.	0.	0.	0.
10.75268817204301	-4.287400000000029	0.	0.	0.	0.
10.75268817204301	-4.24720000000003	0.	0.	0.	0.
10.75268817204301	-4.20700000000003	0.	0.	0.	0.
10.75268817204301	-4.1668000000000305	0.	0.	0.	0.
10.75268817204301	-4.126600000000031	0.	0.	0.	0.
10.75268817204301	-4.086400000000031	0.	0.	0.	0.
10.75268817204301	-4.046200000000032	1.0408341000000001e-19	6.9388939e-20	0.	0.
10.75268817204301	-4.006000000000032	7.4593109e-19	1.1175174e-19	0.	0.
10.75268817204301	-3.965800000000032	4.0419057000000005e-18	7.060345900000001e-19	0.	0.
10.75268817204301	-3.925600000000032	1.8388069e-17	1.3961561e-18	0.	0.
10.75268817204301	-3.885400000000032	5.8616306e-17	2.8381953000000003e-18	0.	0.
10.75268817204301	-3.845200000000032	1.2750218e-16	1.8297016e-18	1.5137808999999998e-33	5.526781400000001e-35
10.75268817204301	-3.805000000000032	2.2273849e-16	2.2174625e-18	8.3450544e-33	1.7305528000000001e-34
10.75268817204301	-3.764800000000032	3.4406505e-16	5.4968704000000005e-18	2.2423602000000002e-32	5.0383041e-34
10.75268817204301	-3.724600000000032	5.268702100000001e-16	7.3649482e-18	5.2042479e-32	9.737694900000001e-34
10.75268817204301	-3.684400000000032	8.1209345e-16	1.1995503e-17	1.2256425999999998e-31	2.0725958999999998e-33
10.75268817204301	-3.644200000000032	1.2542051000000002e-15	1.8270847e-17	2.9270475999999996e-31	4.826517799999999e-33
10.75268817204301	-3.604000000000032	1.9395943e-15	2.8547957000000003e-17	6.9767005e-31	1.2356879e-32
10.75268817204301	-3.563800000000032	3.002442e-15	4.366646e-17	1.674571e-30	2.8853083000000005e-32
10.75268817204301	-3.523600000000032	4.6310004e-15	6.732597599999999e-17	4.0001603000000005e-30	7.057548300000002e-32
10.75268817204301	-3.483400000000032	7.1371381e-15	1.0420382000000001e-16	9.510282500000001e-30	1.6671834999999997e-31
10.75268817204301	-3.443200000000032	1.099178e-14	1.6130859e-16	2.2545970000000004e-29	4.0158860999999995e-31
10.75268817204301	-3.403000000000032	1.6940564e-14	2.4725136000000003e-16	5.3557964e-29	9.4268445e-31
10.75268817204301	-3.362800000000032	2.6105403e-14	3.8123798000000003e-16	1.2719311e-28	2.2333326000000004e-30
10.75268817204301	-3.322600000000032	4.0222981000000004e-14	5.8644213e-16	3.0198635000000003e-28	5.296370000000001e-30
10.75268817204301	-3.282400000000032	6.1972909e-14	9.0425247e-16	7.168715100000001e-28	1.2585543e-29
10.75268817204301	-3.242200000000032	9.548266700000001e-14	1.3923633e-15	1.7017140999999998e-27	2.9823061000000005e-29
10.75268817204301	-3.202000000000032	1.4711277e-13	2.1467933e-15	4.0396029e-27	7.0958258e-29
10.75268817204301	-3.161800000000032	2.2666397999999998e-13	3.3076577000000002e-15	9.5896952e-27	1.6832787e-28
10.75268817204301	-3.121600000000032	3.4922822999999994e-13	5.0956144e-15	2.2764525999999996e-26	3.9956991e-28
10.75268817204301	-3.081400000000032	5.3806785e-13	7.851052499999999e-15	5.404015399999999e-26	9.484828100000001e-28
10.75268817204301	-3.041200000000032	8.2901944e-13	1.2096749e-14	1.2828363000000001e-25	2.2519805e-27
10.75268817204301	-3.001000000000032	1.277297e-12	1.8638105e-14	3.0452721e-25	5.345972199999999e-27
10.75268817204301	-2.960800000000032	1.9679764e-12	2.8716373e-14	7.229062700000001e-25	1.2690617000000001e-26
10.75268817204301	-2.920600000000032	3.0321264999999995e-12	4.4244894000000005e-14	1.7160788e-24	3.0126786999999994e-26
10.75268817204301	-2.880400000000032	4.6716973e-12	6.8169403e-14	4.0737269e-24	7.1514356e-26
10.75268817204301	-2.840200000000032	7.1978426999999995e-12	1.0503086e-13	9.670460300000001e-24	1.6976575e-25
10.75268817204301	-2.800000000000032	1.1089956e-11	1.618235e-13	2.295631e-23	4.0299001000000003e-25
10.75268817204301	-2.759800000000032	1.7086665000000003e-11	2.4932803e-13	5.4495047e-23	9.5665295e-25
10.75268817204301	-2.7196000000000318	2.6325999000000002e-11	3.8414728999999995e-13	1.2936360999999998e-22	2.2709550000000002e-24
10.75268817204301	-2.6794000000000318	4.0561344e-11	5.9186904e-13	3.0709102999999997e-22	5.390925300000001e-24
10.75268817204301	-2.6392000000000317	6.2494217e-11	9.1191179e-13	7.2899088999999985e-22	1.2797294e-23
10.75268817204301	-2.5990000000000317	9.628692800000001e-11	1.4050130999999999e-12	1.7305219e-21	3.0378951e-23
10.75268817204301	-2.5588000000000317	1.4835249e-10	2.1647515e-12	4.1080157e-21	7.211547400000001e-23
10.75268817204301	-2.5186000000000317	2.2857163000000002e-10	3.3353049999999998e-12	9.7518519e-21	1.7119200999999998e-22
10.75268817204301	-2.4784000000000317	3.5216794e-10	5.138815599999999e-12	2.3149525e-20	4.0638562999999995e-22
10.75268817204301	-2.4382000000000317	5.425969200000001e-10	7.9175439e-12	5.4953719e-20	9.647021699999999e-22
10.75268817204301	-2.3980000000000317	8.3599719e-10	1.2198824e-11	1.304524e-19	2.2900672e-21
10.75268817204301	-2.3578000000000316	1.2880488000000001e-9	1.8795138e-11	3.0967566e-19	5.4362983e-21
10.75268817204301	-2.3176000000000316	1.9845398e-9	2.8958295e-11	7.3512648e-19	1.2905005999999998e-20
10.75268817204301	-2.2774000000000316	3.0576467000000003e-9	4.4617011000000003e-11	1.7450869000000002e-18	3.0634668999999996e-20
10.75268817204301	-2.2372000000000316	4.7110183e-9	6.874291700000001e-11	4.1425908e-18	7.2722393e-20
10.75268817204301	-2.1970000000000316	7.2584231000000004e-9	1.059145e-10	9.8339276e-18	1.7263273000000003e-19
10.75268817204301	-2.1568000000000316	1.1183294e-8	1.63186e-10	2.3344359999999998e-17	4.0980575000000006e-19
10.75268817204301	-2.1166000000000316	1.7230474e-8	2.5142609e-10	5.5416220000000005e-17	9.7282102e-19
10.75268817204301	-2.0764000000000316	2.6547564e-8	3.8738051000000006e-10	1.3155028999999999e-16	2.3093395e-18
10.75268817204301	-2.0362000000000315	4.0902711e-8	5.9684993e-10	3.1228177000000004e-16	5.4820441e-18
10.75268817204301	-1.9960000000000315	6.3020155e-8	9.1958622e-10	7.4131262e-16	1.3013591e-17
10.75268817204301	-1.9558000000000315	9.7097218e-8	1.4168363e-9	1.7597705e-15	3.0892393e-17
10.75268817204301	-1.9156000000000315	1.4960082999999998e-7	2.1829647e-9	4.1774423e-15	7.3334047e-17
10.75268817204301	-1.8754000000000315	2.3049475999999998e-7	3.3633613000000003e-9	9.916641099999999e-15	1.7408416e-16
10.75268817204301	-1.8352000000000315	3.5513044e-7	5.1820305e-9	2.3540639999999998e-14	4.1324929000000004e-16
10.75268817204301	-1.7950000000000315	5.4716002e-7	7.9840975e-9	5.588190600000001e-14	9.809882700000001e-16
10.75268817204301	-1.7548000000000314	8.430246399999999e-7	1.2301294e-8	1.3265482e-13	2.328701e-15
10.75268817204301	-1.7146000000000314	1.2988689000000002e-6	1.8952846e-8	3.1490036999999997e-13	5.5279091000000005e-15
10.75268817204301	-1.6744000000000314	2.0011933000000003e-6	2.9200881e-8	7.475163099999999e-13	1.3122115000000001e-14
10.75268817204301	-1.6342000000000314	3.083264e-6	4.498981899999999e-8	1.7744514e-12	3.1148722e-14
10.75268817204301	-1.5940000000000314	4.747070600000001e-6	6.837335799999999e-8	4.2088814e-12	7.252691000000001e-14
10.75268817204301	-1.5538000000000314	7.313737900000001e-6	1.0533977999999999e-7	9.990662099999999e-12	1.7215118e-13
10.75268817204301	-1.5136000000000314	0.000011267969	1.6228786999999998e-7	2.3714121e-11	4.0859868e-13
10.75268817204301	-1.4734000000000314	0.000017354377	2.5643675e-7	5.628198800000001e-11	9.7966542e-13
10.75268817204301	-1.4332000000000313	0.000026752196	3.723917e-7	1.3372376e-10	2.1939615e-12
10.75268817204301	-1.3930000000000313	0.000041187278000000004	5.217379399999999e-7	3.1713114999999997e-10	4.7359101e-12
10.75268817204301	-1.3528000000000313	0.0000634335	7.7840898e-7	7.520869900000001e-10	1.0989591e-11
10.75268817204301	-1.3126000000000313	0.000097677136	1.3410476e-6	1.7842976e-9	2.9064463000000002e-11
10.75268817204301	-1.2724000000000313	0.00015071908	1.9040505000000001e-6	4.2345336e-9	6.3350795e-11
10.75268817204301	-1.2322000000000313	0.00023169602000000001	3.2246643000000003e-6	1.0011382e-8	1.612622e-10
10.75268817204301	-1.1920000000000313	0.00035819167000000003	6.477166600000001e-6	2.391904e-8	4.3224344e-10
10.75268817204301	-1.1518000000000312	0.00055132416	8.8837852e-6	5.646508099999999e-8	8.564644400000001e-10
10.75268817204301	-1.1116000000000312	0.00084331502	0.000014815765	1.3278224e-7	2.1639512999999998e-9
10.75268817204301	-1.0714000000000312	0.001294545	0.000016912221	3.1187089e-7	3.2839924e-9
10.75268817204301	-1.0312000000000312	0.0019577981	0.000029666875	7.2251288e-7	1.0988128e-8
10.75268817204301	-0.9910000000000312	0.0029694062	0.000027051701	1.6619895000000002e-6	2.2061427e-8
10.75268817204301	-0.9508000000000312	0.0044314859000000005	0.000053885876	3.7363174e-6	7.444123099999999e-8
10.75268817204301	-0.9106000000000312	0.0067820016	0.000096843916	8.5824605e-6	1.8713365000000001e-7
10.75268817204301	-0.8704000000000311	0.0099638685	0.00013018735000000002	0.000018384191	3.4472025999999997e-7
10.75268817204301	-0.8302000000000311	0.014123421	0.000092999671	0.000038476682	2.5322765e-7
10.75268817204301	-0.7900000000000311	0.020410702000000003	0.00010114527	0.00008013646100000001	2.9190584e-7
10.75268817204301	-0.7498000000000311	0.028773530000000005	0.00030159455	0.00015650912	1.0807537e-6
10.75268817204301	-0.7096000000000311	0.039854769000000005	0.00043675363	0.00030034488	3.0409133000000004e-6
10.75268817204301	-0.6694000000000311	0.05280868600000001	0.00056536948	0.00053395004	8.247721000000001e-6
10.75268817204301	-0.6292000000000311	0.07255041599999999	0.0010520101	0.00098001032	0.000011161394
10.75268817204301	-0.589000000000031	0.094717322	0.0007908732800000001	0.0016681178999999999	0.000016664791000000002
10.75268817204301	-0.548800000000031	0.1205693	0.0013656544000000001	0.0027613028	0.000018289962000000002
10.75268817204301	-0.508600000000031	0.15016787	0.00099662904	0.0044195676	0.000039667375000000004
10.75268817204301	-0.468400000000031	0.19137376	0.00099904865	0.0070209542	0.00005132980700000001
10.75268817204301	-0.428200000000031	0.23392956	0.00088871188	0.010676598	0.000045484493
10.75268817204301	-0.388000000000031	0.28613091	0.0017612961	0.015604769	0.000067036175
10.75268817204301	-0.347800000000031	0.34243137	0.0012264479	0.022443972000000003	0.000097252595
10.75268817204301	-0.30760000000003096	0.40448049	0.0044936518	0.031641886	0.000076035514
10.75268817204301	-0.26740000000003095	0.47002422	0.0030086551000000003	0.043743407000000005	0.000093842567
10.75268817204301	-0.22720000000003093	0.54114098	0.0013880568	0.059353643000000005	0.0002296271
10.75268817204301	-0.18700000000003092	0.61238841	0.0018835974	0.078963215	0.00026620634
10.75268817204301	-0.1468000000000309	0.69361422	0.0012617795000000002	0.10175094	0.00052324438
10.75268817204301	-0.1066000000000309	0.77364089	0.0005507757100000001	0.12939982	0.0006250047
10.75268817204301	-0.0664000000000309	0.85910475	0.00045903037	0.16033559	0.0005495255300000001
10.75268817204301	-0.026200000000030907	0.94350912	0.0001877596	0.19913322	0.00069927321
10.75268817204301	0.013999999999969093	1.0298545000000001	0.00017548406	0.23920212	0.0013153845000000001
10.75268817204301	0.05419999999996909	1.1162746	0.00065945019	0.28804587	0.0016192037
10.75268817204301	0.09439999999996909	1.1983395	0.00054340431	0.3357014	0.00097831684
10.75268817204301	0.13459999999996908	1.2802178	0.00099268963	0.38881627	0.0015623797
10.75268817204301	0.1747999999999691	1.3592301	0.00079131293	0.44401158	0.0010738506
10.75268817204301	0.2149999999999691	1.4345622999999998	0.00034137990000000003	0.49926981	0.00028401464999999997
10.75268817204301	0.2551999999999691	1.5091013	0.0012161443	0.55737603	0.0013207633999999999
10.75268817204301	0.29539999999996913	1.5757695999999999	0.0018678635	0.61084307	0.0018966506
10.75268817204301	0.33559999999996915	1.6389829	0.0019053703	0.66409057	0.0018264996
10.75268817204301	0.37579999999996916	1.7010835999999998	0.0025958353	0.71845663	0.0025752859
10.75268817204301	0.41599999999996917	1.7473492	0.0014564664	0.75936201	0.0014264742
10.75268817204301	0.4561999999999692	1.7935828	0.0009648854300000001	0.80159724	0.00092458875
10.75268817204301	0.4963999999999692	1.8348774	0.0011317704000000002	0.84008044	0.0011082558
10.75268817204301	0.5365999999999692	1.8699929000000002	0.0016390419	0.87321418	0.0016110329000000002
10.75268817204301	0.5767999999999692	1.8983815000000002	0.0007377647	0.90031124	0.00073584602
10.75268817204301	0.6169999999999692	1.9217456999999998	0.0006065016	0.92289132	0.00059958598
10.75268817204301	0.6571999999999693	1.9415988	0.00054180137	0.94225475	0.0005369460700000001
10.75268817204301	0.6973999999999693	1.9568376	0.0006504151	0.95719798	0.0006444629400000001
10.75268817204301	0.7375999999999693	1.9678802000000002	0.00047536064	0.96807374	0.00047226722
10.75268817204301	0.7777999999999693	1.9768706	0.00024912977	0.97697101	0.00024751422
10.75268817204301	0.8179999999999693	1.9840277	0.00027935765	0.98407654	0.00027837943999999996
10.75268817204301	0.8581999999999693	1.9889036	0.00014952740000000002	0.98892687	0.00014905379999999999
10.75268817204301	0.8983999999999693	1.9924066000000002	0.00009739197200000001	0.99241744	0.00009716880600000001
10.75268817204301	0.9385999999999693	1.9949579000000002	0.000041550689000000005	0.99496271	0.000041499185
10.75268817204301	0.9787999999999694	1.9966432	0.000025455408000000002	0.99664533	0.000025428496
10.75268817204301	1.0189999999999693	1.9977756999999998	0.000030581290000000004	0.99777661	0.000030566264
10.75268817204301	1.0591999999999693	1.9985273000000001	0.000017566735	0.99852766	0.000017562387
10.75268817204301	1.0993999999999693	1.9990383	0.000017375789	0.99903842	0.000017373153
10.75268817204301	1.1395999999999693	1.9993748	0.000011809591	0.99937487	0.000011808235
10.75268817204301	1.1797999999999693	1.9995916999999999	7.264967900000001e-6	0.9995917	7.2644256e-6
10.75268817204301	1.2199999999999693	1.9997339	4.785018e-6	0.99973396	4.784805e-6
10.75268817204301	1.2601999999999693	1.9998285	2.1239455e-6	0.99982846	2.1238688e-6
10.75268817204301	1.3003999999999694	1.9998887	1.4296137000000002e-6	0.9998887	1.4295788000000002e-6
10.75268817204301	1.3405999999999694	1.9999276	9.0125723e-7	0.99992764	9.012436499999999e-7
10.75268817204301	1.3807999999999694	1.9999529999999999	5.948053399999999e-7	0.99995304	5.947994399999999e-7
10.75268817204301	1.4209999999999694	1.9999695000000002	4.0824807e-7	0.99996952	4.0824548999999996e-7
10.75268817204301	1.4611999999999694	1.9999802	2.9236887e-7	0.99998021	2.9236764999999996e-7
10.75268817204301	1.5013999999999694	1.9999871999999999	1.8978593e-7	0.99998716	1.8978542e-7
10.75268817204301	1.5415999999999694	1.9999917	1.201035e-7	0.99999166	1.2010329e-7
10.75268817204301	1.5817999999999695	1.9999946	7.7956663e-8	0.99999459	7.7956572e-8
10.75268817204301	1.6219999999999695	1.9999965	5.0599008999999995e-8	0.99999649	5.0598971e-8
10.75268817204301	1.6621999999999695	1.9999977	3.3293971e-8	0.99999772	3.3293954e-8
10.75268817204301	1.7023999999999695	1.9999985	2.1609509e-8	0.99999852	2.1609503e-8
10.75268817204301	1.7425999999999695	1.999999	1.4025613e-8	0.99999904	1.4025608999999999e-8
10.75268817204301	1.7827999999999695	1.9999993999999999	9.1032654e-9	0.99999938	9.1032642e-9
10.75268817204301	1.8229999999999695	1.9999996	5.9084231e-9	0.9999996	5.9084224e-9
10.75268817204301	1.8631999999999695	1.9999997	3.834822500000001e-9	0.99999974	3.8348224e-9
10.75268817204301	1.9033999999999696	1.9999997999999999	2.4889636e-9	0.99999983	2.4889636e-9
10.75268817204301	1.9435999999999696	1.9999999	1.6154427e-9	0.99999989	1.6154428000000002e-9
10.75268817204301	1.9837999999999696	1.9999999	1.0484903e-9	0.99999993	1.0484903e-9
10.75268817204301	2.0239999999999694	2.	6.8051429e-10	0.99999995	6.805140200000001e-10
10.75268817204301	2.0641999999999694	2.	4.4168197e-10	0.99999997	4.4168204e-10
10.75268817204301	2.1043999999999694	2.	2.8666998e-10	0.99999998	2.8667009e-10
10.75268817204301	2.1445999999999694	2.	1.8606069000000003e-10	0.99999999	1.8606083000000003e-10
10.75268817204301	2.1847999999999694	2.	1.207611e-10	0.99999999	1.2076124000000002e-10
10.75268817204301	2.2249999999999694	2.	7.837901900000001e-11	0.99999999	7.8379035e-11
10.75268817204301	2.2651999999999695	2.	5.0871151000000006e-11	1.	5.0871235e-11
10.75268817204301	2.3053999999999695	2.	3.3017687e-11	1.	3.301756e-11
10.75268817204301	2.3455999999999695	2.	2.1429709e-11	1.	2.1429704e-11
10.75268817204301	2.3857999999999695	2.	1.3908762e-11	1.	1.3908799999999999e-11
10.75268817204301	2.4259999999999695	2.	9.027302699999999e-12	1.	9.02736e-12
10.75268817204301	2.4661999999999695	2.	5.8591851999999994e-12	1.	5.859263399999999e-12
10.75268817204301	2.5063999999999695	2.	3.8027889e-12	1.	3.8028076999999995e-12
10.75268817204301	2.5465999999999696	2.	2.4680441999999997e-12	1.	2.4682423e-12
10.75268817204301	2.5867999999999696	2.	0.	1.	1.6019309e-12
10.75268817204301	2.6269999999999696	2.	0.	1.	1.0397835999999999e-12
10.75268817204301	2.6671999999999696	2.	0.	1.	0.
10.75268817204301	2.7073999999999696	2.	0.	1.	0.
10.75268817204301	2.7475999999999696	2.	0.	1.	0.
10.75268817204301	2.7877999999999696	2.	0.	1.	0.
10.75268817204301	2.8279999999999696	2.	0.	1.	0.
10.75268817204301	2.8681999999999697	2.	0.	1.	0.
10.75268817204301	2.9083999999999697	2.	0.	1.	0.
10.75268817204301	2.9485999999999697	2.	0.	1.	0.
10.75268817204301	2.9887999999999697	2.	0.	1.	0.
8.771929824561402	-7.021	0.	0.	0.	0.
8.771929824561402	-6.9808	0.	0.	0.	0.
8.771929824561402	-6.940600000000001	0.	0.	0.	0.
8.771929824561402	-6.900400000000001	0.	0.	0.	0.
8.771929824561402	-6.860200000000002	0.	0.	0.	0.
8.771929824561402	-6.820000000000002	0.	0.	0.	0.
8.771929824561402	-6.7798000000000025	0.	0.	0.	0.
8.771929824561402	-6.739600000000003	0.	0.	0.	0.
8.771929824561402	-6.699400000000003	0.	0.	0.	0.
8.771929824561402	-6.659200000000004	0.	0.	0.	0.
8.771929824561402	-6.619000000000004	0.	0.	0.	0.
8.771929824561402	-6.578800000000005	0.	0.	0.	0.
8.771929824561402	-6.538600000000005	0.	0.	0.	0.
8.771929824561402	-6.4984000000000055	0.	0.	0.	0.
8.771929824561402	-6.458200000000006	0.	0.	0.	0.
8.771929824561402	-6.418000000000006	0.	0.	0.	0.
8.771929824561402	-6.377800000000007	0.	0.	0.	0.
8.771929824561402	-6.337600000000007	0.	0.	0.	0.
8.771929824561402	-6.297400000000008	0.	0.	0.	0.
8.771929824561402	-6.257200000000008	0.	0.	0.	0.
8.771929824561402	-6.2170000000000085	0.	0.	0.	0.
8.771929824561402	-6.176800000000009	0.	0.	0.	0.
8.771929824561402	-6.136600000000009	0.	0.	0.	0.
8.771929824561402	-6.09640000000001	0.	0.	0.	0.
8.771929824561402	-6.05620000000001	0.	0.	0.	0.
8.771929824561402	-6.016000000000011	0.	0.	0.	0.
8.771929824561402	-5.975800000000011	0.	0.	0.	0.
8.771929824561402	-5.9356000000000115	0.	0.	0.	0.
8.771929824561402	-5.895400000000012	0.	0.	0.	0.
8.771929824561402	-5.855200000000012	0.	0.	0.	0.
8.771929824561402	-5.815000000000013	0.	0.	0.	0.
8.771929824561402	-5.774800000000013	0.	0.	0.	0.
8.771929824561402	-5.734600000000014	0.	0.	0.	0.
8.771929824561402	-5.694400000000014	0.	0.	0.	0.
8.771929824561402	-5.6542000000000145	0.	0.	0.	0.
8.771929824561402	-5.614000000000015	0.	0.	0.	0.
8.771929824561402	-5.573800000000015	0.	0.	0.	0.
8.771929824561402	-5.533600000000016	0.	0.	0.	0.
8.771929824561402	-5.493400000000016	0.	0.	0.	0.
8.771929824561402	-5.453200000000017	0.	0.	0.	0.
8.771929824561402	-5.413000000000017	0.	0.	0.	0.
8.771929824561402	-5.372800000000018	0.	0.	0.	0.
8.771929824561402	-5.332600000000018	0.	0.	0.	0.
8.771929824561402	-5.292400000000018	0.	0.	0.	0.
8.771929824561402	-5.252200000000019	0.	0.	0.	0.
8.771929824561402	-5.212000000000019	0.	0.	0.	0.
8.771929824561402	-5.17180000000002	0.	0.	0.	0.
8.771929824561402	-5.13160000000002	0.	0.	0.	0.
8.771929824561402	-5.091400000000021	0.	0.	0.	0.
8.771929824561402	-5.051200000000021	0.	0.	0.	0.
8.771929824561402	-5.011000000000021	0.	0.	0.	0.
8.771929824561402	-4.970800000000022	0.	0.	0.	0.
8.771929824561402	-4.930600000000022	0.	0.	0.	0.
8.771929824561402	-4.890400000000023	0.	0.	0.	0.
8.771929824561402	-4.850200000000023	1.7347235e-20	1.7347235e-20	0.	0.
8.771929824561402	-4.810000000000024	2.9490299e-19	1.8111045000000003e-19	0.	0.
8.771929824561402	-4.769800000000024	1.1449175e-18	1.7216639e-19	0.	0.
8.771929824561402	-4.7296000000000245	4.6490589000000005e-18	8.8945821e-19	0.	0.
8.771929824561402	-4.689400000000025	1.4675761000000002e-17	1.3643796e-18	0.	0.
8.771929824561402	-4.649200000000025	4.0297625999999994e-17	2.6910029000000002e-18	0.	0.
8.771929824561402	-4.609000000000026	8.500145e-17	3.4724814e-18	1.1555580000000002e-35	5.6150024e-36
8.771929824561402	-4.568800000000026	1.4680965000000003e-16	1.3887542e-18	2.7945242999999994e-33	8.490490100000001e-35
8.771929824561402	-4.528600000000027	2.2985086e-16	2.9459670000000003e-18	8.3431285e-33	1.6975518e-34
8.771929824561402	-4.488400000000027	3.2800151000000003e-16	5.4442825e-18	1.9386411000000003e-32	3.3422515000000004e-34
8.771929824561402	-4.4482000000000275	4.6240789e-16	6.7484645e-18	3.9258156000000004e-32	6.529896600000001e-34
8.771929824561402	-4.408000000000028	6.5971534000000005e-16	1.0698829e-17	7.908253500000001e-32	1.4606804e-33
8.771929824561402	-4.367800000000028	9.3706293e-16	1.4450715e-17	1.5896047999999997e-31	2.4364166999999998e-33
8.771929824561402	-4.327600000000029	1.3340197e-15	2.1383965999999998e-17	3.2239104e-31	5.3331483e-33
8.771929824561402	-4.287400000000029	1.9027488000000002e-15	3.0314439999999995e-17	6.5551337e-31	1.0867249e-32
8.771929824561402	-4.24720000000003	2.7133677e-15	4.29943e-17	1.3311758000000003e-30	2.2025856e-32
8.771929824561402	-4.20700000000003	3.8707578999999994e-15	6.0954011e-17	2.7095774000000002e-30	4.3889415000000004e-32
8.771929824561402	-4.1668000000000305	5.5135063e-15	8.605812499999999e-17	5.513729400000001e-30	8.8011252e-32
8.771929824561402	-4.126600000000031	7.8458767e-15	1.2337405e-16	1.1178136e-29	1.8237858999999998e-31
8.771929824561402	-4.086400000000031	1.1163379e-14	1.7499243000000002e-16	2.2628550000000002e-29	3.6459858999999995e-31
8.771929824561402	-4.046200000000032	1.5880578e-14	2.4913274e-16	4.5783854e-29	7.4026731e-31
8.771929824561402	-4.006000000000032	2.2596786e-14	3.5377002e-16	9.2692539e-29	1.4963507000000002e-30
8.771929824561402	-3.965800000000032	3.2152562e-14	5.042729200000001e-16	1.8766315000000002e-28	3.0503846000000005e-30
8.771929824561402	-3.925600000000032	4.5751302e-14	7.175514400000001e-16	3.799976e-28	6.1416436e-30
8.771929824561402	-3.885400000000032	6.509360800000001e-14	1.0203673000000001e-15	7.692149700000001e-28	1.2446082000000001e-29
8.771929824561402	-3.845200000000032	9.261876e-14	1.4520932999999999e-15	1.5573489999999998e-27	2.5182685000000002e-29
8.771929824561402	-3.805000000000032	1.3177752e-13	2.066147e-15	3.1526081999999997e-27	5.098006400000001e-29
8.771929824561402	-3.764800000000032	1.8749551e-13	2.9390284e-15	6.382236699999999e-27	1.0321038e-28
8.771929824561402	-3.724600000000032	2.6677041e-13	4.1819116e-15	1.2919943999999999e-26	2.0880287e-28
8.771929824561402	-3.684400000000032	3.7956142999999996e-13	5.9521891e-15	2.6154960999999995e-26	4.233029400000001e-28
8.771929824561402	-3.644200000000032	5.400424000000001e-13	8.4670354e-15	5.294749899999999e-26	8.5630401e-28
8.771929824561402	-3.604000000000032	7.683793e-13	1.204695e-14	1.0718710000000001e-25	1.7334158999999997e-27
8.771929824561402	-3.563800000000032	1.0932544e-12	1.7140865e-14	2.1698623000000003e-25	3.5091927999999996e-27
8.771929824561402	-3.523600000000032	1.5554931999999999e-12	2.4387081e-14	4.392649300000001e-25	7.103291299999999e-27
8.771929824561402	-3.483400000000032	2.2131692e-12	3.4699311e-14	8.892407100000001e-25	1.4381210999999998e-26
8.771929824561402	-3.443200000000032	3.1489123e-12	4.9370573e-14	1.8001616000000003e-24	2.9113545999999997e-26
8.771929824561402	-3.403000000000032	4.4803e-12	7.0244098e-14	3.6442201000000006e-24	5.893469899999999e-26
8.771929824561402	-3.362800000000032	6.3746049e-12	9.9943977e-14	7.3772913e-24	1.1930794e-25
8.771929824561402	-3.322600000000032	9.0698396e-12	1.4220078999999999e-13	1.4934455e-23	2.4152277000000003e-25
8.771929824561402	-3.282400000000032	1.2904642e-11	2.0232371e-13	3.023307e-23	4.889280500000001e-25
8.771929824561402	-3.242200000000032	1.8360828e-11	2.8786916e-13	6.1203312e-23	9.897941900000001e-25
8.771929824561402	-3.202000000000032	2.6123932e-11	4.0958247e-13	1.238989e-22	2.0037181000000002e-24
8.771929824561402	-3.161800000000032	3.716934e-11	5.8275813e-13	2.5081877e-22	4.0562946000000005e-24
8.771929824561402	-3.121600000000032	5.2884836999999997e-11	8.2915362e-13	5.077531899999999e-22	8.211529300000002e-24
8.771929824561402	-3.081400000000032	7.5244967e-11	1.1797257e-12	1.0278867e-21	1.6623250000000002e-23
8.771929824561402	-3.041200000000032	1.0705914e-10	1.6785233999999997e-12	2.080836e-21	3.365184e-23
8.771929824561402	-3.001000000000032	1.5232460000000002e-10	2.388216e-12	4.2124081e-21	6.8124135e-23
8.771929824561402	-2.960800000000032	2.1672867000000003e-10	3.3979726999999994e-12	8.527526199999999e-21	1.3790935e-22
8.771929824561402	-2.920600000000032	3.0836329000000003e-10	4.8346632e-12	1.7262976e-20	2.7918134999999995e-22
8.771929824561402	-2.880400000000032	4.3874175e-10	6.878797599999999e-12	3.4946868e-20	5.651698899999999e-22
8.771929824561402	-2.840200000000032	6.242452800000001e-10	9.787208999999999e-12	7.0745831e-20	1.1441202999999999e-21
8.771929824561402	-2.800000000000032	8.881811800000001e-10	1.392532e-11	1.4321663000000002e-19	2.3161375e-21
8.771929824561402	-2.759800000000032	1.2637113e-9	1.9813055e-11	2.8992526000000003e-19	4.6887479e-21
8.771929824561402	-2.7196000000000318	1.7980185e-9	2.8190174000000002e-11	5.8691966e-19	9.4918195e-21
8.771929824561402	-2.6794000000000318	2.5582352e-9	4.0109205e-11	1.1881500000000001e-18	1.9215075e-20
8.771929824561402	-2.6392000000000317	3.6398775e-9	5.7067697e-11	2.4052701000000002e-18	3.8898660000000003e-20
8.771929824561402	-2.5990000000000317	5.1788467e-9	8.1196375e-11	4.8691869e-18	7.874577499999999e-20
8.771929824561402	-2.5588000000000317	7.3685045000000005e-9	1.1552685e-10	9.857097000000001e-18	1.5941156000000001e-19
8.771929824561402	-2.5186000000000317	1.0483967e-8	1.6437252e-10	1.9954535e-17	3.2270997000000005e-19
8.771929824561402	-2.4784000000000317	1.4916672e-8	2.3387052000000003e-10	4.0395611e-17	6.532883800000001e-19
8.771929824561402	-2.4382000000000317	2.1223559e-8	3.3275283e-10	8.177616599999999e-17	1.3225054e-18
8.771929824561402	-2.3980000000000317	3.0197047e-8	4.7344333e-10	1.6554623e-16	2.6772564e-18
8.771929824561402	-2.3578000000000316	4.2964596e-8	6.736188600000001e-10	3.3512884e-16	5.4197894e-18
8.771929824561402	-2.3176000000000316	6.1130363e-8	9.584300800000001e-10	6.784288000000001e-16	1.0971722e-17
8.771929824561402	-2.2774000000000316	8.6976752e-8	1.3636616e-9	1.3733989e-15	2.2210948e-17
8.771929824561402	-2.2372000000000316	1.2375118e-7	1.9402277e-9	2.7802833e-15	4.4963412e-17
8.771929824561402	-2.1970000000000316	1.760741e-7	2.7605696000000004e-9	5.6283527e-15	9.102302e-17
8.771929824561402	-2.1568000000000316	2.505195e-7	3.9277569e-9	1.1393926000000001e-14	1.8426505000000004e-16
8.771929824561402	-2.1166000000000316	3.5644084999999994e-7	5.5884365e-9	2.3065628e-14	3.7302189000000005e-16
8.771929824561402	-2.0764000000000316	5.0714629e-7	7.951257e-9	4.6693547000000006e-14	7.5513593e-16
8.771929824561402	-2.0362000000000315	7.215705899999999e-7	1.1313081e-8	9.4525288e-14	1.5286751000000001e-15
8.771929824561402	-1.9960000000000315	1.0266539000000001e-6	1.6096281e-8	1.9135443999999997e-13	3.0945977000000003e-15
8.771929824561402	-1.9558000000000315	1.4607265e-6	2.2901791e-8	3.8737197e-13	6.2645757000000005e-15
8.771929824561402	-1.9156000000000315	2.0783232e-6	3.2584597e-8	7.8418153e-13	1.2681685e-14
8.771929824561402	-1.8754000000000315	2.9570344e-6	4.6361109e-8	1.5874616999999998e-12	2.5671969e-14
8.771929824561402	-1.8352000000000315	4.2046367e-6	6.4945133e-8	3.2114435e-12	5.0864005999999996e-14
8.771929824561402	-1.7950000000000315	5.982307100000001e-6	9.240235999999999e-8	6.501009899999999e-12	1.0296321e-13
8.771929824561402	-1.7548000000000314	8.511505000000002e-6	1.3146657999999998e-7	1.3160011e-11	2.0842255000000002e-13
8.771929824561402	-1.7146000000000314	0.000012109894000000001	1.8704311e-7	2.6639401e-11	4.2188555e-13
8.771929824561402	-1.6744000000000314	0.000017222496000000002	2.7249525e-7	5.391595300000001e-11	8.653511999999999e-13
8.771929824561402	-1.6342000000000314	0.000024489277000000003	3.7621923e-7	1.0910355e-10	1.6763391999999998e-12
8.771929824561402	-1.5940000000000314	0.000034840702000000006	5.352165e-7	2.2083161000000001e-10	3.3925875999999996e-12
8.771929824561402	-1.5538000000000314	0.000049555042000000004	7.1400651e-7	4.4679094000000007e-10	6.5550207e-12
8.771929824561402	-1.5136000000000314	0.000070535785	9.2567633e-7	9.0475427e-10	1.2213159e-11
8.771929824561402	-1.4734000000000314	0.00010027966000000001	1.4229707000000002e-6	1.8305784e-9	2.6591065000000003e-11
8.771929824561402	-1.4332000000000313	0.00014287312	1.8468564000000003e-6	3.706063e-9	4.8326641999999996e-11
8.771929824561402	-1.3930000000000313	0.00020274138000000002	2.8709209000000003e-6	7.4767784e-9	1.0277925000000001e-10
8.771929824561402	-1.3528000000000313	0.0002887513	4.339240500000001e-6	1.513358e-8	2.2314853000000002e-10
8.771929824561402	-1.3126000000000313	0.00041494859	7.325318e-6	3.0960966e-8	4.4769097000000006e-10
8.771929824561402	-1.2724000000000313	0.00058885732	0.000010645246	6.2419022e-8	9.8206998e-10
8.771929824561402	-1.2322000000000313	0.0008323048	0.000014805950000000002	1.2518141999999998e-7	1.8008377e-9
8.771929824561402	-1.1920000000000313	0.001183466	0.000017438785000000002	2.5295385999999997e-7	3.1265773e-9
8.771929824561402	-1.1518000000000312	0.0016750597	0.000021348898	5.0581664e-7	6.1894717e-9
8.771929824561402	-1.1116000000000312	0.0023599895	0.000034670970000000005	1.0156226e-6	1.6891138e-8
8.771929824561402	-1.0714000000000312	0.0032749294000000003	0.000035794199	1.9925518000000003e-6	3.0018467e-8
8.771929824561402	-1.0312000000000312	0.004624812	0.000045227524000000006	3.943233300000001e-6	6.6392422e-8
8.771929824561402	-0.9910000000000312	0.0064986939	0.00007262370000000001	7.753469200000001e-6	8.578900799999999e-8
8.771929824561402	-0.9508000000000312	0.0091127061	0.000073117189	0.000015204972000000001	1.5498993999999998e-7
8.771929824561402	-0.9106000000000312	0.012472316	0.00014317499	0.000028652941	3.2006149e-7
8.771929824561402	-0.8704000000000311	0.017074022	0.00029712364000000004	0.000053752054000000004	1.0617831e-6
8.771929824561402	-0.8302000000000311	0.023293353000000003	0.00039789275000000004	0.00009915860500000001	1.3928557e-6
8.771929824561402	-0.7900000000000311	0.031408041	0.00046514239	0.00018337009000000002	2.3164371000000003e-6
8.771929824561402	-0.7498000000000311	0.043404499000000006	0.00029055936	0.00033515824	1.6987987e-6
8.771929824561402	-0.7096000000000311	0.053416613	0.00064776349	0.00054714464	6.853180100000001e-6
8.771929824561402	-0.6694000000000311	0.070737178	0.00059826605	0.00093691704	7.7644406e-6
8.771929824561402	-0.6292000000000311	0.09114466700000001	0.00071747474	0.0015460457	7.7312548e-6
8.771929824561402	-0.589000000000031	0.1170578	0.001189876	0.0025367162	0.000017417349
8.771929824561402	-0.548800000000031	0.14389365	0.0013041278	0.0038892793	0.000014124925999999999
8.771929824561402	-0.508600000000031	0.18077732	0.0010400169	0.0060042822	0.000037744202
8.771929824561402	-0.468400000000031	0.2168973	0.0018527602000000002	0.0089169926	0.000056375849000000004
8.771929824561402	-0.428200000000031	0.26180065	0.0013621866999999998	0.012982481000000002	0.000052906541
8.771929824561402	-0.388000000000031	0.31003973	0.0014698914	0.018514825	0.00007561526
8.771929824561402	-0.347800000000031	0.36782063	0.0019988072	0.025937295	0.000076833677
8.771929824561402	-0.30760000000003096	0.42526428	0.0013242745	0.035631277	0.00007117849600000001
8.771929824561402	-0.26740000000003095	0.4942664	0.0011912476	0.047920938	0.00011108659
8.771929824561402	-0.22720000000003093	0.56084921	0.0020361946	0.063393615	0.00036297375
8.771929824561402	-0.18700000000003092	0.63213157	0.0020738879	0.08305590400000001	0.00035188653
8.771929824561402	-0.1468000000000309	0.70954488	0.0009059364600000001	0.10485442	0.00027346584000000003
8.771929824561402	-0.1066000000000309	0.78581553	0.000528187	0.132294	0.00045183104000000003
8.771929824561402	-0.0664000000000309	0.86591639	0.00057776688	0.16324863	0.00085387664
8.771929824561402	-0.026200000000030907	0.94689694	0.00035339736	0.1990454	0.0012094393
8.771929824561402	0.013999999999969093	1.0284492	0.00014494549000000002	0.23975282	0.0012826059000000001
8.771929824561402	0.05419999999996909	1.109799	0.00034216316000000005	0.28351805	0.00091081188
8.771929824561402	0.09439999999996909	1.1900682999999999	0.00078668359	0.33203513	0.0013360519
8.771929824561402	0.13459999999996908	1.2687734000000002	0.00092337115	0.38230794	0.001370288
8.771929824561402	0.1747999999999691	1.3440326999999999	0.00093269417	0.43265063	0.0011472461
8.771929824561402	0.2149999999999691	1.4176908999999998	0.0008958161	0.48634826	0.0010575407
8.771929824561402	0.2551999999999691	1.489172	0.0012320563	0.54192625	0.0013891162000000002
8.771929824561402	0.29539999999996913	1.5522119	0.0018521621	0.5913382	0.0019559448
8.771929824561402	0.33559999999996915	1.6144178	0.0019122610000000002	0.64302104	0.0019649789
8.771929824561402	0.37579999999996916	1.6720358	0.0021285692	0.6927353	0.00214327
8.771929824561402	0.41599999999996917	1.7276154	0.0015685911999999999	0.74211069	0.0015509302
8.771929824561402	0.4561999999999692	1.7684089	0.00096091821	0.77845059	0.0009455464799999999
8.771929824561402	0.4963999999999692	1.8134896999999999	0.0018129497000000001	0.82018923	0.0017701975
8.771929824561402	0.5365999999999692	1.8449673999999998	0.0020145226999999997	0.84937954	0.0020053315
8.771929824561402	0.5767999999999692	1.8749951	0.00091682405	0.8778676	0.00090497391
8.771929824561402	0.6169999999999692	1.9039237	0.0006618528799999999	0.90569411	0.0006518551799999999
8.771929824561402	0.6571999999999693	1.9239723	0.00096246833	0.9250617	0.0009545785
8.771929824561402	0.6973999999999693	1.9409889999999999	0.00080453277	0.94163922	0.00079619051
8.771929824561402	0.7375999999999693	1.9544117	0.00035965671999999997	0.9547944	0.00035635785
8.771929824561402	0.7777999999999693	1.9658790000000002	0.00050521273	0.9660947	0.00050221529
8.771929824561402	0.8179999999999693	1.9742338000000001	0.00040888456	0.97435449	0.00040729107
8.771929824561402	0.8581999999999693	1.9812467	0.00015547673000000002	0.98131216	0.00015485599
8.771929824561402	0.8983999999999693	1.9863728	0.00015919101	0.98640752	0.00015893840000000002
8.771929824561402	0.9385999999999693	1.9899639	0.00008609295	0.98998214	0.000085880999
8.771929824561402	0.9787999999999694	1.9927852	0.00008911174600000001	0.99279469	0.000088985213
8.771929824561402	1.0189999999999693	1.9949098	0.00005594798600000001	0.99491459	0.00005586874
8.771929824561402	1.0591999999999693	1.9963724999999999	0.000028025105	0.99637491	0.000028002148
8.771929824561402	1.0993999999999693	1.9973859999999999	0.000033041086	0.99738728	0.000033024824
8.771929824561402	1.1395999999999693	1.9981454	0.000026094308	0.99814598	0.000026086533000000002
8.771929824561402	1.1797999999999693	1.998682	0.000020046134	0.99868235	0.000020042273
8.771929824561402	1.2199999999999693	1.9990717	0.000017049001	0.99907182	0.000017046712
8.771929824561402	1.2601999999999693	1.9993456	0.000011330863	0.99934568	0.000011329714000000001
8.771929824561402	1.3003999999999694	1.9995393	8.2828994e-6	0.99953932	8.2823319e-6
8.771929824561402	1.3405999999999694	1.9996778000000002	4.887423900000001e-6	0.99967785	4.887161400000001e-6
8.771929824561402	1.3807999999999694	1.9997741999999998	3.4054829e-6	0.99977421	3.4053463000000005e-6
8.771929824561402	1.4209999999999694	1.9998409000000001	2.0692525000000003e-6	0.99984089	2.069195e-6
8.771929824561402	1.4611999999999694	1.9998884000000001	1.4565165e-6	0.99988838	1.456487e-6
8.771929824561402	1.5013999999999694	1.9999215000000001	1.033624e-6	0.99992149	1.0336094000000002e-6
8.771929824561402	1.5415999999999694	1.9999449	7.7184813e-7	0.99994486	7.7184043e-7
8.771929824561402	1.5817999999999695	1.9999612	5.7952947e-7	0.99996122	5.7952541e-7
8.771929824561402	1.6219999999999695	1.9999727	4.1869983e-7	0.99997275	4.1869782e-7
8.771929824561402	1.6621999999999695	1.9999808	3.0326705e-7	0.99998083	3.0326600999999997e-7
8.771929824561402	1.7023999999999695	1.9999865	2.1316257e-7	0.99998653	2.1316205999999997e-7
8.771929824561402	1.7425999999999695	1.9999905	1.4631447e-7	0.99999053	1.4631421e-7
8.771929824561402	1.7827999999999695	1.9999933	1.0283868999999999e-7	0.99999334	1.0283857e-7
8.771929824561402	1.8229999999999695	1.9999953000000001	7.2280511e-8	0.99999532	7.228044999999999e-8
8.771929824561402	1.8631999999999695	1.9999966999999998	5.080221099999999e-8	0.99999671	5.0802181e-8
8.771929824561402	1.9033999999999696	1.9999977	3.6265050999999994e-8	0.99999769	3.6265036e-8
8.771929824561402	1.9435999999999696	1.9999984000000002	2.5488588e-8	0.99999837	2.548858e-8
8.771929824561402	1.9837999999999696	1.9999989	1.7914394e-8	0.99999886	1.7914391e-8
8.771929824561402	2.0239999999999694	1.9999992	1.2590926999999998e-8	0.9999992	1.2590925e-8
8.771929824561402	2.0641999999999694	1.9999993999999999	8.8493773e-9	0.99999944	8.849376300000001e-9
8.771929824561402	2.1043999999999694	1.9999996	6.2196697e-9	0.9999996	6.2196694e-9
8.771929824561402	2.1445999999999694	1.9999997	4.3714113999999995e-9	0.99999972	4.3714112e-9
8.771929824561402	2.1847999999999694	1.9999997999999999	3.0723864e-9	0.9999998	3.0723863e-9
8.771929824561402	2.2249999999999694	1.9999999	2.159384e-9	0.99999986	2.1593838e-9
8.771929824561402	2.2651999999999695	1.9999999	1.5176924e-9	0.9999999	1.5176923e-9
8.771929824561402	2.3053999999999695	1.9999999	1.0666886000000001e-9	0.99999993	1.0666886000000001e-9
8.771929824561402	2.3455999999999695	2.	7.497068200000001e-10	0.99999995	7.4970678e-10
8.771929824561402	2.3857999999999695	2.	5.2692056e-10	0.99999997	5.269206800000001e-10
8.771929824561402	2.4259999999999695	2.	3.7033861000000005e-10	0.99999998	3.7033852e-10
8.771929824561402	2.4661999999999695	2.	2.6028715000000006e-10	0.99999998	2.6028713999999996e-10
8.771929824561402	2.5063999999999695	2.	1.8293897000000003e-10	0.99999999	1.8293907e-10
8.771929824561402	2.5465999999999696	2.	1.2857627e-10	0.99999999	1.2857606e-10
8.771929824561402	2.5867999999999696	2.	9.0367967e-11	0.99999999	9.0367822e-11
8.771929824561402	2.6269999999999696	2.	6.351369200000001e-11	1.	6.3513679e-11
8.771929824561402	2.6671999999999696	2.	4.4639757e-11	1.	4.4639659e-11
8.771929824561402	2.7073999999999696	2.	3.1374374e-11	1.	3.1374292e-11
8.771929824561402	2.7475999999999696	2.	2.2051329000000002e-11	1.	2.2051059e-11
8.771929824561402	2.7877999999999696	2.	1.5498210000000002e-11	1.	1.5498214e-11
8.771929824561402	2.8279999999999696	2.	1.0892677000000001e-11	1.	1.0892695e-11
8.771929824561402	2.8681999999999697	2.	7.6559572e-12	1.	7.655751299999999e-12
8.771929824561402	2.9083999999999697	2.	5.3807592e-12	1.	5.3806788999999994e-12
8.771929824561402	2.9485999999999697	2.	3.7819687e-12	1.	3.7818182e-12
8.771929824561402	2.9887999999999697	2.	2.6580123e-12	1.	2.6578872999999998e-12
