tempbeta	mu	density	err	doublon	err	
4.7170e+00	-3.0210e+00	3.1540e-06	1.8701e-08	4.6052e-13	1.1323e-16	
4.7170e+00	-2.9808e+00	3.8125e-06	2.2605e-08	6.7290e-13	1.6452e-16	
4.7170e+00	-2.9406e+00	4.6085e-06	2.7337e-08	9.8323e-13	2.4211e-16	
4.7170e+00	-2.9004e+00	5.5712e-06	3.3676e-08	1.4367e-12	3.5386e-16	
4.7170e+00	-2.8602e+00	8.0208e-05	1.7973e-06	1.4550e-10	1.5691e-12	
4.7170e+00	-2.8200e+00	8.1397e-06	4.8373e-08	3.0674e-12	7.4667e-16	
4.7170e+00	-2.7798e+00	1.2030e-04	2.0068e-06	3.1532e-10	4.4038e-12	
4.7170e+00	-2.7396e+00	1.3947e-04	4.9452e-06	4.4819e-10	8.0126e-12	
4.7170e+00	-2.6994e+00	1.4371e-05	8.1760e-08	9.5687e-12	2.1730e-15	
4.7170e+00	-2.6592e+00	1.7372e-05	9.8285e-08	1.3982e-11	3.1687e-15	
4.7170e+00	-2.6190e+00	2.1009e-05	1.0605e-07	2.0430e-11	4.0839e-15	
4.7170e+00	-2.5788e+00	2.5380e-05	1.2955e-07	2.9851e-11	6.1249e-15	
4.7170e+00	-2.5386e+00	3.0703e-05	1.5046e-07	4.3619e-11	8.4809e-15	
4.7170e+00	-2.4984e+00	3.7103e-05	1.8220e-07	6.3734e-11	1.1772e-14	
4.7170e+00	-2.4582e+00	4.4864e-05	2.2749e-07	9.3127e-11	1.7367e-14	
4.7170e+00	-2.4180e+00	5.4243e-05	2.8703e-07	1.3607e-10	2.9324e-14	
4.7170e+00	-2.3778e+00	6.5573e-05	3.1554e-07	1.9883e-10	3.9900e-14	
4.7170e+00	-2.3376e+00	7.9283e-05	3.6835e-07	2.9053e-10	5.2655e-14	
4.7170e+00	-2.2974e+00	9.5763e-05	4.2843e-07	4.2450e-10	8.2300e-14	
4.7170e+00	-2.2572e+00	1.1582e-04	5.0266e-07	6.2027e-10	1.1918e-13	
4.7170e+00	-2.2170e+00	1.4009e-04	4.8541e-07	9.0633e-10	1.7486e-13	
4.7170e+00	-2.1768e+00	1.6927e-04	5.9213e-07	1.3243e-09	2.8843e-13	
4.7170e+00	-2.1366e+00	2.0440e-04	7.4631e-07	1.9348e-09	3.8667e-13	
4.7170e+00	-2.0964e+00	2.4639e-04	9.6034e-07	2.8268e-09	5.3640e-13	
4.7170e+00	-2.0562e+00	2.9842e-04	9.0360e-07	4.1306e-09	7.1079e-13	
4.7170e+00	-2.0160e+00	3.6062e-04	1.0309e-06	6.0353e-09	1.3382e-12	
4.7170e+00	-1.9758e+00	4.3584e-04	8.7975e-07	8.8174e-09	1.7661e-12	
4.7170e+00	-1.9356e+00	5.2582e-04	6.0397e-07	1.2882e-08	2.4351e-12	
4.7170e+00	-1.8954e+00	6.3571e-04	1.1118e-06	1.8821e-08	2.8693e-12	
4.7170e+00	-1.8552e+00	7.6648e-04	2.0353e-06	2.7492e-08	5.5855e-12	
4.7170e+00	-1.8150e+00	9.2461e-04	1.4352e-06	4.0161e-08	5.7246e-12	
4.7170e+00	-1.7748e+00	1.1149e-03	4.2482e-06	5.8663e-08	9.2070e-12	
4.7170e+00	-1.7346e+00	1.3550e-03	3.8713e-06	8.5712e-08	2.0080e-11	
4.7170e+00	-1.6944e+00	1.6301e-03	5.5623e-06	1.2520e-07	3.6069e-11	
4.7170e+00	-1.6542e+00	1.9686e-03	1.1028e-05	1.8286e-07	5.5887e-11	
4.7170e+00	-1.6140e+00	2.3835e-03	7.2811e-06	2.6709e-07	5.6038e-11	
4.7170e+00	-1.5738e+00	2.8807e-03	5.5059e-06	3.9004e-07	6.9014e-11	
4.7170e+00	-1.5336e+00	3.4873e-03	2.0094e-05	5.6969e-07	1.0544e-10	
4.7170e+00	-1.4934e+00	4.1946e-03	1.4020e-05	8.3161e-07	1.5810e-10	
4.7170e+00	-1.4532e+00	5.0501e-03	1.8835e-05	1.2138e-06	4.4826e-10	
4.7170e+00	-1.4130e+00	1.7055e-02	5.5960e-05	3.5859e-05	5.7285e-07	
4.7170e+00	-1.3728e+00	7.3709e-03	2.2431e-05	2.5846e-06	5.3158e-10	
4.7170e+00	-1.3326e+00	8.9945e-03	4.0458e-05	3.7732e-06	7.7372e-10	
4.7170e+00	-1.2924e+00	1.0683e-02	5.8963e-05	5.4975e-06	1.2955e-09	
4.7170e+00	-1.2522e+00	1.3031e-02	6.4059e-05	8.0162e-06	1.4543e-09	
4.7170e+00	-1.2120e+00	3.1137e-02	4.4319e-05	9.6926e-05	1.6827e-06	
4.7170e+00	-1.1718e+00	1.8878e-02	7.6536e-05	1.7005e-05	2.7726e-09	
4.7170e+00	-1.1316e+00	2.2687e-02	6.5531e-05	2.5001e-05	6.5101e-09	
4.7170e+00	-1.0914e+00	2.7210e-02	5.8921e-05	3.5963e-05	5.2957e-09	
4.7170e+00	-1.0512e+00	3.2805e-02	2.3246e-04	5.2214e-05	5.3950e-09	
4.7170e+00	-1.0110e+00	3.9660e-02	2.3606e-04	7.5748e-05	8.1800e-09	
4.7170e+00	-9.7080e-01	4.7383e-02	1.5548e-04	1.0973e-04	4.7527e-08	
4.7170e+00	-9.3060e-01	7.0761e-02	2.7017e-04	3.8399e-04	1.9590e-05	
4.7170e+00	-8.9040e-01	8.1832e-02	2.4296e-04	4.7689e-04	7.1413e-06	
4.7170e+00	-8.5020e-01	8.1045e-02	1.8196e-04	3.2921e-04	4.2901e-08	
4.7170e+00	-8.1000e-01	9.6081e-02	3.1750e-04	4.7241e-04	1.0836e-07	
4.7170e+00	-7.6980e-01	1.1436e-01	2.3677e-04	6.7537e-04	1.2990e-07	
4.7170e+00	-7.2960e-01	1.3530e-01	3.8495e-04	9.6195e-04	4.0699e-07	
4.7170e+00	-6.8940e-01	1.5864e-01	4.8971e-04	1.3652e-03	5.8004e-07	
4.7170e+00	-6.4920e-01	1.9935e-01	1.1670e-04	2.5501e-03	2.0416e-05	
4.7170e+00	-6.0900e-01	2.1858e-01	5.5825e-04	2.6975e-03	1.5159e-06	
4.7170e+00	-5.6880e-01	2.5316e-01	6.5864e-04	3.7604e-03	2.8558e-06	
4.7170e+00	-5.2860e-01	2.9185e-01	5.4326e-04	5.2027e-03	3.9754e-06	
4.7170e+00	-4.8840e-01	3.3408e-01	9.4468e-04	7.1448e-03	9.7811e-06	
4.7170e+00	-4.4820e-01	3.8181e-01	5.6238e-04	9.6974e-03	9.0529e-06	
4.7170e+00	-4.0800e-01	4.3483e-01	7.8283e-04	1.4414e-02	3.1761e-05	
4.7170e+00	-3.6780e-01	4.8385e-01	5.5399e-04	1.7429e-02	1.8535e-05	
4.7170e+00	-3.2760e-01	5.3772e-01	3.4360e-04	2.3047e-02	1.7479e-05	
4.7170e+00	-2.8740e-01	5.9397e-01	5.0291e-04	3.0104e-02	3.6929e-05	
4.7170e+00	-2.4720e-01	6.5043e-01	3.2146e-04	3.8980e-02	3.5799e-05	
4.7170e+00	-2.0700e-01	7.0819e-01	6.1652e-04	4.9812e-02	1.0616e-04	
4.7170e+00	-1.6680e-01	7.6487e-01	5.5988e-04	6.3226e-02	1.5289e-04	
4.7170e+00	-1.2660e-01	8.2200e-01	1.0458e-04	7.9218e-02	4.4314e-05	
4.7170e+00	-8.6400e-02	8.7909e-01	1.0947e-04	9.7994e-02	8.8705e-05	
4.7170e+00	-4.6200e-02	9.3539e-01	1.5958e-04	1.2036e-01	2.9931e-04	
4.7170e+00	-6.0000e-03	9.9165e-01	2.5120e-05	1.4573e-01	3.7393e-04	
4.7170e+00	3.4200e-02	1.0478e+00	9.8658e-05	1.7536e-01	3.8050e-04	
4.7170e+00	7.4400e-02	1.1043e+00	3.8393e-04	2.0874e-01	7.7037e-04	
4.7170e+00	1.1460e-01	1.1597e+00	4.1839e-04	2.4769e-01	5.5665e-04	
4.7170e+00	1.5480e-01	1.2175e+00	5.3989e-04	2.8498e-01	7.1207e-04	
4.7170e+00	1.9500e-01	1.2746e+00	4.3067e-04	3.2811e-01	5.1534e-04	
4.7170e+00	2.3520e-01	1.3293e+00	4.3007e-04	3.7436e-01	4.9904e-04	
4.7170e+00	2.7540e-01	1.3853e+00	4.3682e-04	4.2066e-01	4.7170e-04	
4.7170e+00	3.1560e-01	1.4452e+00	6.7185e-04	4.7017e-01	7.0823e-04	
4.7170e+00	3.5580e-01	1.5008e+00	3.8193e-04	5.1974e-01	3.9636e-04	
4.7170e+00	3.9600e-01	1.5541e+00	8.0208e-04	5.6837e-01	8.2258e-04	
4.7170e+00	4.3620e-01	1.5958e+00	5.0908e-04	6.0864e-01	5.4830e-04	
4.7170e+00	4.7640e-01	1.6520e+00	7.6732e-04	6.5979e-01	7.7637e-04	
4.7170e+00	5.1660e-01	1.6937e+00	9.5665e-04	6.9943e-01	9.6447e-04	
4.7170e+00	5.5680e-01	1.7341e+00	4.4942e-04	7.3824e-01	4.5177e-04	
4.7170e+00	5.9700e-01	1.7708e+00	5.4846e-04	7.7373e-01	5.5038e-04	
4.7170e+00	6.3720e-01	1.8040e+00	3.9172e-04	8.0609e-01	3.9313e-04	
4.7170e+00	6.7740e-01	1.8332e+00	3.0031e-04	8.3467e-01	3.0075e-04	
4.7170e+00	7.1760e-01	1.8466e+00	3.9390e-04	8.4838e-01	3.9220e-04	
4.7170e+00	7.5780e-01	1.8798e+00	2.9190e-04	8.8050e-01	2.9208e-04	
4.7170e+00	7.9800e-01	1.8988e+00	3.1163e-04	8.9929e-01	3.1179e-04	
4.7170e+00	8.3820e-01	1.9148e+00	3.9970e-04	9.1519e-01	3.9978e-04	
4.7170e+00	8.7840e-01	1.9286e+00	2.0477e-04	9.2883e-01	2.0482e-04	
4.7170e+00	9.1860e-01	1.9403e+00	1.4081e-04	9.4044e-01	1.4081e-04	
4.7170e+00	9.5880e-01	1.9501e+00	1.6845e-04	9.5020e-01	1.6846e-04	
4.7170e+00	9.9900e-01	1.9581e+00	1.0866e-04	9.5819e-01	1.0866e-04	
4.7170e+00	1.0392e+00	1.9652e+00	9.0611e-05	9.6524e-01	9.0611e-05	
4.7170e+00	1.0794e+00	1.9711e+00	1.2427e-04	9.7112e-01	1.2427e-04	
4.7170e+00	1.1196e+00	1.9760e+00	6.1466e-05	9.7601e-01	6.1463e-05	
4.7170e+00	1.1598e+00	1.9800e+00	5.8240e-05	9.8003e-01	5.8241e-05	
4.7170e+00	1.2000e+00	1.9834e+00	5.4374e-05	9.8336e-01	5.4372e-05	
4.7170e+00	1.2402e+00	1.9862e+00	7.1856e-05	9.8619e-01	7.1854e-05	
4.7170e+00	1.2804e+00	1.9887e+00	6.4162e-05	9.8874e-01	6.4161e-05	
4.7170e+00	1.3206e+00	1.9906e+00	5.6357e-05	9.9058e-01	5.6356e-05	
4.7170e+00	1.3608e+00	1.9923e+00	1.5622e-05	9.9227e-01	1.5622e-05	
4.7170e+00	1.4010e+00	1.9935e+00	2.3178e-05	9.9348e-01	2.3178e-05	
4.7170e+00	1.4412e+00	1.9946e+00	9.5254e-06	9.9464e-01	9.5251e-06	
4.7170e+00	1.4814e+00	1.9956e+00	1.6923e-05	9.9557e-01	1.6924e-05	
4.7170e+00	1.5216e+00	1.9963e+00	2.2242e-05	9.9633e-01	2.2242e-05	
4.7170e+00	1.5618e+00	1.9970e+00	1.0977e-05	9.9697e-01	1.0976e-05	
4.7170e+00	1.6020e+00	1.9975e+00	9.3137e-06	9.9748e-01	9.3136e-06	
4.7170e+00	1.6422e+00	1.9979e+00	9.4523e-06	9.9792e-01	9.4523e-06	
4.7170e+00	1.6824e+00	1.9983e+00	8.4536e-06	9.9828e-01	8.4536e-06	
4.7170e+00	1.7226e+00	1.9986e+00	3.5335e-06	9.9857e-01	3.5335e-06	
4.7170e+00	1.7628e+00	1.9988e+00	4.6445e-06	9.9882e-01	4.6445e-06	
4.7170e+00	1.8030e+00	1.9990e+00	1.9292e-06	9.9902e-01	1.9292e-06	
4.7170e+00	1.8432e+00	1.9992e+00	1.3340e-06	9.9919e-01	1.3340e-06	
4.7170e+00	1.8834e+00	1.9993e+00	4.7075e-07	9.9933e-01	4.7075e-07	
4.7170e+00	1.9236e+00	1.9994e+00	4.1248e-07	9.9944e-01	4.1248e-07	
4.7170e+00	1.9638e+00	1.9995e+00	9.6212e-07	9.9954e-01	9.6212e-07	
4.7170e+00	2.0040e+00	1.9996e+00	1.2556e-06	9.9962e-01	1.2556e-06	
4.7170e+00	2.0442e+00	1.9997e+00	9.2468e-07	9.9968e-01	9.2468e-07	
4.7170e+00	2.0844e+00	1.9997e+00	9.5064e-07	9.9974e-01	9.5064e-07	
4.7170e+00	2.1246e+00	1.9998e+00	8.4212e-07	9.9978e-01	8.4212e-07	
4.7170e+00	2.1648e+00	1.9998e+00	6.3172e-07	9.9982e-01	6.3172e-07	
4.7170e+00	2.2050e+00	1.9999e+00	5.3114e-07	9.9985e-01	5.3114e-07	
4.7170e+00	2.2452e+00	1.9999e+00	5.1521e-07	9.9988e-01	5.1521e-07	
4.7170e+00	2.2854e+00	1.9999e+00	4.5403e-07	9.9990e-01	4.5403e-07	
4.7170e+00	2.3256e+00	1.9997e+00	3.5983e-06	9.9975e-01	3.5983e-06	
4.7170e+00	2.3658e+00	1.9999e+00	3.2879e-07	9.9993e-01	3.2879e-07	
4.7170e+00	2.4060e+00	1.9999e+00	3.0192e-07	9.9994e-01	3.0192e-07	
4.7170e+00	2.4462e+00	2.0000e+00	2.3786e-07	9.9995e-01	2.3786e-07	
4.7170e+00	2.4864e+00	2.0000e+00	1.9300e-07	9.9996e-01	1.9300e-07	
4.7170e+00	2.5266e+00	2.0000e+00	1.6519e-07	9.9997e-01	1.6519e-07	
4.7170e+00	2.5668e+00	2.0000e+00	1.3350e-07	9.9997e-01	1.3350e-07	
4.7170e+00	2.6070e+00	2.0000e+00	1.1379e-07	9.9998e-01	1.1379e-07	
4.7170e+00	2.6472e+00	2.0000e+00	1.0160e-07	9.9998e-01	1.0160e-07	
4.7170e+00	2.6874e+00	2.0000e+00	8.6676e-08	9.9998e-01	8.6676e-08	
4.7170e+00	2.7276e+00	2.0000e+00	7.2479e-08	9.9999e-01	7.2479e-08	
4.7170e+00	2.7678e+00	2.0000e+00	6.0030e-08	9.9999e-01	6.0030e-08	
4.7170e+00	2.8080e+00	2.0000e+00	5.1201e-08	9.9999e-01	5.1201e-08	
4.7170e+00	2.8482e+00	2.0000e+00	4.2312e-08	9.9999e-01	4.2312e-08	
4.7170e+00	2.8884e+00	2.0000e+00	3.5639e-08	9.9999e-01	3.5639e-08	
4.7170e+00	2.9286e+00	2.0000e+00	2.9498e-08	1.0000e+00	2.9498e-08	
4.7170e+00	2.9688e+00	2.0000e+00	2.3925e-08	1.0000e+00	2.3925e-08	
4.7170e+00	3.0090e+00	2.0000e+00	1.9785e-08	1.0000e+00	1.9785e-08	
3.9526e+00	-3.0210e+00	2.7379e-05	1.0937e-07	4.5074e-11	4.6112e-15	
3.9526e+00	-2.9808e+00	3.2113e-05	1.2275e-07	6.1935e-11	5.9905e-15	
3.9526e+00	-2.9406e+00	3.7633e-05	1.4118e-07	8.5103e-11	7.7955e-15	
3.9526e+00	-2.9004e+00	4.4132e-05	1.7272e-07	1.1694e-10	1.0697e-14	
3.9526e+00	-2.8602e+00	5.1726e-05	2.0612e-07	1.6068e-10	1.4791e-14	
3.9526e+00	-2.8200e+00	6.0663e-05	2.4838e-07	2.2079e-10	2.1675e-14	
3.9526e+00	-2.7798e+00	4.2378e-04	1.1423e-05	9.0470e-09	9.0677e-11	
3.9526e+00	-2.7396e+00	5.0696e-04	8.3163e-06	1.2560e-08	1.2078e-10	
3.9526e+00	-2.6994e+00	9.7626e-05	3.5051e-07	5.7279e-10	6.0465e-14	
3.9526e+00	-2.6592e+00	1.1447e-04	4.0513e-07	7.8706e-10	7.9146e-14	
3.9526e+00	-2.6190e+00	1.3429e-04	4.2162e-07	1.0815e-09	1.0418e-13	
3.9526e+00	-2.5788e+00	1.5735e-04	4.4237e-07	1.4860e-09	1.5068e-13	
3.9526e+00	-2.5386e+00	1.8441e-04	5.7641e-07	2.0418e-09	2.3178e-13	
3.9526e+00	-2.4984e+00	2.1611e-04	5.8368e-07	2.8056e-09	3.0333e-13	
3.9526e+00	-2.4582e+00	2.5299e-04	7.5887e-07	3.8548e-09	3.2495e-13	
3.9526e+00	-2.4180e+00	2.9648e-04	8.9193e-07	5.2966e-09	4.4644e-13	
3.9526e+00	-2.3778e+00	3.4787e-04	9.1509e-07	7.2779e-09	7.0356e-13	
3.9526e+00	-2.3376e+00	4.0791e-04	1.2018e-06	9.9997e-09	1.0755e-12	
3.9526e+00	-2.2974e+00	4.7760e-04	1.1571e-06	1.3739e-08	1.7180e-12	
3.9526e+00	-2.2572e+00	5.5945e-04	7.3806e-07	1.8876e-08	1.6743e-12	
3.9526e+00	-2.2170e+00	6.5522e-04	1.0548e-06	2.5935e-08	2.3726e-12	
3.9526e+00	-2.1768e+00	7.6695e-04	1.0699e-06	3.5630e-08	1.7790e-12	
3.9526e+00	-2.1366e+00	9.0033e-04	1.3036e-06	4.8953e-08	3.2160e-12	
3.9526e+00	-2.0964e+00	1.0528e-03	1.6969e-06	6.7251e-08	4.6204e-12	
3.9526e+00	-2.0562e+00	1.2312e-03	2.3085e-06	9.2386e-08	7.0813e-12	
3.9526e+00	-2.0160e+00	1.4443e-03	4.0090e-06	1.2692e-07	1.1191e-11	
3.9526e+00	-1.9758e+00	1.6957e-03	3.8211e-06	1.7437e-07	1.7645e-11	
3.9526e+00	-1.9356e+00	1.9824e-03	5.1393e-06	2.3950e-07	1.8149e-11	
3.9526e+00	-1.8954e+00	2.3167e-03	1.0639e-05	3.2895e-07	5.0921e-11	
3.9526e+00	-1.8552e+00	2.7269e-03	1.4805e-05	4.5188e-07	8.0064e-11	
3.9526e+00	-1.8150e+00	3.1950e-03	1.0548e-05	6.2062e-07	9.7153e-11	
3.9526e+00	-1.7748e+00	1.2873e-02	2.4517e-05	1.9738e-05	1.1686e-07	
3.9526e+00	-1.7346e+00	4.3977e-03	1.8470e-05	1.1703e-06	5.2698e-11	
3.9526e+00	-1.6944e+00	5.1007e-03	1.9312e-05	1.6067e-06	1.6880e-10	
3.9526e+00	-1.6542e+00	6.0010e-03	2.1534e-05	2.2059e-06	2.5929e-10	
3.9526e+00	-1.6140e+00	2.2766e-02	1.7418e-05	5.7771e-05	3.8540e-07	
3.9526e+00	-1.5738e+00	8.2786e-03	2.2690e-05	4.1553e-06	3.6611e-10	
3.9526e+00	-1.5336e+00	9.5632e-03	4.9166e-05	5.6999e-06	7.2804e-10	
3.9526e+00	-1.4934e+00	1.1241e-02	9.4388e-06	7.8190e-06	3.5768e-10	
3.9526e+00	-1.4532e+00	1.3065e-02	5.9844e-05	1.0721e-05	8.3839e-10	
3.9526e+00	-1.4130e+00	1.5402e-02	2.8773e-05	1.4700e-05	9.7990e-10	
3.9526e+00	-1.3728e+00	1.8049e-02	8.2356e-05	2.0140e-05	1.1007e-09	
3.9526e+00	-1.3326e+00	2.1154e-02	8.3711e-05	2.7584e-05	1.5977e-09	
3.9526e+00	-1.2924e+00	2.4630e-02	1.5068e-04	3.7758e-05	2.9337e-09	
3.9526e+00	-1.2522e+00	2.8805e-02	6.8925e-05	5.1657e-05	3.5412e-09	
3.9526e+00	-1.2120e+00	3.3755e-02	7.0427e-05	7.0603e-05	3.6850e-09	
3.9526e+00	-1.1718e+00	3.9174e-02	1.1437e-04	9.6438e-05	5.3230e-09	
3.9526e+00	-1.1316e+00	4.5344e-02	1.4762e-04	1.3159e-04	1.4431e-08	
3.9526e+00	-1.0914e+00	5.3154e-02	5.7791e-05	1.7934e-04	3.9990e-08	
3.9526e+00	-1.0512e+00	6.1631e-02	2.4311e-04	2.4406e-04	4.3255e-08	
3.9526e+00	-1.0110e+00	7.1788e-02	6.1457e-05	3.3155e-04	3.0196e-08	
3.9526e+00	-9.7080e-01	8.3479e-02	2.3501e-04	4.4965e-04	9.4645e-08	
3.9526e+00	-9.3060e-01	9.6354e-02	2.0305e-04	6.0883e-04	1.3381e-07	
3.9526e+00	-8.9040e-01	1.1140e-01	3.7695e-04	8.2208e-04	2.8179e-07	
3.9526e+00	-8.5020e-01	1.2802e-01	4.3964e-04	1.1076e-03	4.8587e-07	
3.9526e+00	-8.1000e-01	1.4806e-01	3.3885e-04	1.4862e-03	5.2569e-07	
3.9526e+00	-7.6980e-01	1.6958e-01	4.0440e-04	1.9891e-03	8.4739e-07	
3.9526e+00	-7.2960e-01	1.9429e-01	2.8746e-04	2.6509e-03	9.9437e-07	
3.9526e+00	-6.8940e-01	2.2108e-01	2.6973e-04	3.5205e-03	1.3517e-06	
3.9526e+00	-6.4920e-01	2.4999e-01	3.5656e-04	4.6564e-03	2.0832e-06	
3.9526e+00	-6.0900e-01	2.9294e-01	3.7475e-04	7.1314e-03	4.4991e-05	
3.9526e+00	-5.6880e-01	3.1693e-01	5.0441e-04	8.0193e-03	5.7381e-06	
3.9526e+00	-5.2860e-01	3.5532e-01	4.1018e-04	1.0421e-02	6.2969e-06	
3.9526e+00	-4.8840e-01	3.9701e-01	4.1876e-04	1.3442e-02	8.9757e-06	
3.9526e+00	-4.4820e-01	4.4036e-01	5.8323e-04	1.7243e-02	1.7490e-05	
3.9526e+00	-4.0800e-01	4.8489e-01	3.5526e-04	2.2001e-02	1.5012e-05	
3.9526e+00	-3.6780e-01	5.3276e-01	7.6967e-04	2.7787e-02	4.5703e-05	
3.9526e+00	-3.2760e-01	5.8196e-01	3.6274e-04	3.4825e-02	3.0297e-05	
3.9526e+00	-2.8740e-01	6.3137e-01	4.4074e-04	4.3413e-02	5.2064e-05	
3.9526e+00	-2.4720e-01	6.8203e-01	5.5544e-04	5.3640e-02	9.3352e-05	
3.9526e+00	-2.0700e-01	7.3373e-01	1.4411e-04	6.5632e-02	3.6358e-05	
3.9526e+00	-1.6680e-01	7.8522e-01	1.8090e-04	7.9801e-02	6.8112e-05	
3.9526e+00	-1.2660e-01	8.3647e-01	2.3208e-04	9.6499e-02	1.3793e-04	
3.9526e+00	-8.6400e-02	8.8853e-01	1.2564e-04	1.1528e-01	1.2873e-04	
3.9526e+00	-4.6200e-02	9.4046e-01	1.1350e-04	1.3663e-01	2.6005e-04	
3.9526e+00	-6.0000e-03	9.9227e-01	9.8099e-06	1.6073e-01	2.0486e-04	
3.9526e+00	3.4200e-02	1.0440e+00	4.4485e-05	1.8724e-01	1.7825e-04	
3.9526e+00	7.4400e-02	1.0958e+00	1.6576e-04	2.1699e-01	3.7587e-04	
3.9526e+00	1.1460e-01	1.1479e+00	9.8402e-05	2.4974e-01	1.6354e-04	
3.9526e+00	1.5480e-01	1.1993e+00	4.2873e-04	2.8372e-01	6.1091e-04	
3.9526e+00	1.9500e-01	1.2512e+00	3.5221e-04	3.2095e-01	4.5056e-04	
3.9526e+00	2.3520e-01	1.3026e+00	2.8536e-04	3.5957e-01	3.3955e-04	
3.9526e+00	2.7540e-01	1.3530e+00	5.2561e-04	3.9921e-01	5.9536e-04	
3.9526e+00	3.1560e-01	1.4035e+00	5.4279e-04	4.4070e-01	5.9253e-04	
3.9526e+00	3.5580e-01	1.4545e+00	6.0693e-04	4.8439e-01	6.4652e-04	
3.9526e+00	3.9600e-01	1.5009e+00	6.5614e-04	5.2451e-01	6.8694e-04	
3.9526e+00	4.3620e-01	1.5461e+00	5.1981e-04	5.6466e-01	5.3767e-04	
3.9526e+00	4.7640e-01	1.5911e+00	8.6501e-04	6.0559e-01	8.8619e-04	
3.9526e+00	5.1660e-01	1.6307e+00	4.5571e-04	6.4192e-01	4.6365e-04	
3.9526e+00	5.5680e-01	1.6702e+00	7.0269e-04	6.7881e-01	7.1159e-04	
3.9526e+00	5.9700e-01	1.7073e+00	3.4288e-04	7.1396e-01	3.4586e-04	
3.9526e+00	6.3720e-01	1.7401e+00	1.8019e-04	7.4512e-01	1.8126e-04	
3.9526e+00	6.7740e-01	1.7714e+00	3.0606e-04	7.7528e-01	3.0754e-04	
3.9526e+00	7.1760e-01	1.7985e+00	2.7197e-04	8.0140e-01	2.7286e-04	
3.9526e+00	7.5780e-01	1.8233e+00	5.3107e-04	8.2543e-01	5.3242e-04	
3.9526e+00	7.9800e-01	1.8468e+00	2.3757e-04	8.4844e-01	2.3798e-04	
3.9526e+00	8.3820e-01	1.8660e+00	3.6195e-04	8.6725e-01	3.6237e-04	
3.9526e+00	8.7840e-01	1.8833e+00	3.7287e-04	8.8421e-01	3.7322e-04	
3.9526e+00	9.1860e-01	1.8994e+00	2.0467e-04	9.0011e-01	2.0479e-04	
3.9526e+00	9.5880e-01	1.9130e+00	2.2028e-04	9.1345e-01	2.2036e-04	
3.9526e+00	9.9900e-01	1.9248e+00	2.8360e-04	9.2518e-01	2.8368e-04	
3.9526e+00	1.0392e+00	1.9348e+00	6.4947e-05	9.3503e-01	6.4950e-05	
3.9526e+00	1.0794e+00	1.9442e+00	1.8292e-04	9.4444e-01	1.8295e-04	
3.9526e+00	1.1196e+00	1.9522e+00	1.0703e-04	9.5234e-01	1.0704e-04	
3.9526e+00	1.1598e+00	1.9590e+00	1.3462e-04	9.5907e-01	1.3463e-04	
3.9526e+00	1.2000e+00	1.9648e+00	1.2707e-04	9.6492e-01	1.2708e-04	
3.9526e+00	1.2402e+00	1.9698e+00	2.1226e-04	9.6990e-01	2.1226e-04	
3.9526e+00	1.2804e+00	1.9741e+00	7.7162e-05	9.7419e-01	7.7163e-05	
3.9526e+00	1.3206e+00	1.9780e+00	5.8770e-05	9.7808e-01	5.8768e-05	
3.9526e+00	1.3608e+00	1.9811e+00	6.0882e-05	9.8113e-01	6.0882e-05	
3.9526e+00	1.4010e+00	1.9838e+00	3.4713e-05	9.8378e-01	3.4713e-05	
3.9526e+00	1.4412e+00	1.9861e+00	8.6438e-05	9.8615e-01	8.6437e-05	
3.9526e+00	1.4814e+00	1.9882e+00	3.5986e-05	9.8821e-01	3.5985e-05	
3.9526e+00	1.5216e+00	1.9899e+00	2.9744e-05	9.8994e-01	2.9744e-05	
3.9526e+00	1.5618e+00	1.9914e+00	4.6600e-05	9.9138e-01	4.6599e-05	
3.9526e+00	1.6020e+00	1.9926e+00	1.9803e-05	9.9264e-01	1.9802e-05	
3.9526e+00	1.6422e+00	1.9937e+00	1.7790e-05	9.9373e-01	1.7790e-05	
3.9526e+00	1.6824e+00	1.9947e+00	2.2779e-05	9.9465e-01	2.2779e-05	
3.9526e+00	1.7226e+00	1.9954e+00	1.7163e-05	9.9542e-01	1.7162e-05	
3.9526e+00	1.7628e+00	1.9961e+00	1.1692e-05	9.9609e-01	1.1692e-05	
3.9526e+00	1.8030e+00	1.9967e+00	1.2217e-05	9.9667e-01	1.2217e-05	
3.9526e+00	1.8432e+00	1.9971e+00	1.2091e-05	9.9715e-01	1.2091e-05	
3.9526e+00	1.8834e+00	1.9976e+00	1.2269e-05	9.9756e-01	1.2269e-05	
3.9526e+00	1.9236e+00	1.9979e+00	6.0070e-06	9.9792e-01	6.0070e-06	
3.9526e+00	1.9638e+00	1.9982e+00	4.3470e-06	9.9822e-01	4.3470e-06	
3.9526e+00	2.0040e+00	1.9985e+00	4.7806e-06	9.9849e-01	4.7806e-06	
3.9526e+00	2.0442e+00	1.9987e+00	2.9650e-06	9.9871e-01	2.9650e-06	
3.9526e+00	2.0844e+00	1.9989e+00	2.3171e-06	9.9890e-01	2.3171e-06	
3.9526e+00	2.1246e+00	1.9991e+00	9.4572e-07	9.9906e-01	9.4572e-07	
3.9526e+00	2.1648e+00	1.9992e+00	1.7648e-06	9.9919e-01	1.7648e-06	
3.9526e+00	2.2050e+00	1.9993e+00	6.8398e-07	9.9931e-01	6.8398e-07	
3.9526e+00	2.2452e+00	1.9994e+00	6.5861e-07	9.9941e-01	6.5861e-07	
3.9526e+00	2.2854e+00	1.9995e+00	1.1191e-06	9.9950e-01	1.1191e-06	
3.9526e+00	2.3256e+00	1.9996e+00	1.2012e-06	9.9957e-01	1.2012e-06	
3.9526e+00	2.3658e+00	1.9996e+00	1.0624e-06	9.9964e-01	1.0624e-06	
3.9526e+00	2.4060e+00	1.9997e+00	9.2779e-07	9.9969e-01	9.2779e-07	
3.9526e+00	2.4462e+00	1.9997e+00	7.5367e-07	9.9973e-01	7.5367e-07	
3.9526e+00	2.4864e+00	1.9998e+00	6.4038e-07	9.9977e-01	6.4038e-07	
3.9526e+00	2.5266e+00	1.9998e+00	5.7464e-07	9.9981e-01	5.7464e-07	
3.9526e+00	2.5668e+00	1.9998e+00	4.3309e-07	9.9983e-01	4.3309e-07	
3.9526e+00	2.6070e+00	1.9999e+00	4.4615e-07	9.9986e-01	4.4615e-07	
3.9526e+00	2.6472e+00	1.9999e+00	3.9303e-07	9.9988e-01	3.9303e-07	
3.9526e+00	2.6874e+00	1.9999e+00	3.6881e-07	9.9990e-01	3.6881e-07	
3.9526e+00	2.7276e+00	1.9999e+00	3.1003e-07	9.9991e-01	3.1003e-07	
3.9526e+00	2.7678e+00	1.9999e+00	2.8020e-07	9.9993e-01	2.8020e-07	
3.9526e+00	2.8080e+00	1.9999e+00	2.5831e-07	9.9994e-01	2.5831e-07	
3.9526e+00	2.8482e+00	1.9999e+00	2.1481e-07	9.9995e-01	2.1481e-07	
3.9526e+00	2.8884e+00	2.0000e+00	1.8106e-07	9.9995e-01	1.8106e-07	
3.9526e+00	2.9286e+00	2.0000e+00	1.4807e-07	9.9996e-01	1.4807e-07	
3.9526e+00	2.9688e+00	2.0000e+00	1.2870e-07	9.9997e-01	1.2870e-07	
3.9526e+00	3.0090e+00	2.0000e+00	1.1474e-07	9.9997e-01	1.1474e-07	
3.4014e+00	-3.0210e+00	1.3034e-04	3.4124e-07	1.2365e-09	6.9165e-14	
3.4014e+00	-2.9808e+00	1.4945e-04	3.8554e-07	1.6254e-09	8.9700e-14	
3.4014e+00	-2.9406e+00	1.7137e-04	3.9414e-07	2.1365e-09	1.1843e-13	
3.4014e+00	-2.9004e+00	1.9637e-04	4.8127e-07	2.8084e-09	1.8162e-13	
3.4014e+00	-2.8602e+00	2.2514e-04	5.2662e-07	3.6916e-09	2.2778e-13	
3.4014e+00	-2.8200e+00	2.5772e-04	5.4310e-07	4.8524e-09	2.6519e-13	
3.4014e+00	-2.7798e+00	2.9538e-04	7.0617e-07	6.3783e-09	3.3093e-13	
3.4014e+00	-2.7396e+00	3.3882e-04	9.2147e-07	8.3842e-09	4.1094e-13	
3.4014e+00	-2.6994e+00	3.8878e-04	9.3361e-07	1.1021e-08	5.7130e-13	
3.4014e+00	-2.6592e+00	4.4618e-04	1.1305e-06	1.4486e-08	8.2747e-13	
3.4014e+00	-2.6190e+00	5.1077e-04	1.2693e-06	1.9041e-08	1.2515e-12	
3.4014e+00	-2.5788e+00	5.8561e-04	8.8818e-07	2.5027e-08	1.2868e-12	
3.4014e+00	-2.5386e+00	6.7090e-04	1.1448e-06	3.2896e-08	1.9052e-12	
3.4014e+00	-2.4984e+00	7.6791e-04	1.0893e-06	4.3236e-08	1.9056e-12	
3.4014e+00	-2.4582e+00	8.8251e-04	7.9175e-07	5.6830e-08	1.8885e-12	
3.4014e+00	-2.4180e+00	1.0109e-03	8.3355e-07	7.4692e-08	1.9321e-12	
3.4014e+00	-2.3778e+00	1.1578e-03	1.1052e-06	9.8169e-08	2.9701e-12	
3.4014e+00	-2.3376e+00	1.3217e-03	1.3138e-06	1.2901e-07	5.6813e-12	
3.4014e+00	-2.2974e+00	1.5170e-03	4.1032e-06	1.6956e-07	1.1198e-11	
3.4014e+00	-2.2572e+00	1.7372e-03	4.8146e-06	2.2284e-07	1.5642e-11	
3.4014e+00	-2.2170e+00	1.9953e-03	4.7823e-06	2.9285e-07	1.5098e-11	
3.4014e+00	-2.1768e+00	2.2824e-03	4.1459e-06	3.8483e-07	2.0120e-11	
3.4014e+00	-2.1366e+00	2.6160e-03	4.4843e-06	5.0569e-07	3.3258e-11	
3.4014e+00	-2.0964e+00	3.0026e-03	1.6520e-05	6.6448e-07	6.6103e-11	
3.4014e+00	-2.0562e+00	3.4231e-03	1.4922e-05	8.7297e-07	5.7000e-11	
3.4014e+00	-2.0160e+00	3.9206e-03	1.1404e-05	1.1470e-06	8.0675e-11	
3.4014e+00	-1.9758e+00	4.5379e-03	2.2371e-05	1.5071e-06	1.0257e-10	
3.4014e+00	-1.9356e+00	5.1855e-03	2.1315e-05	1.9798e-06	1.0624e-10	
3.4014e+00	-1.8954e+00	5.9213e-03	2.3068e-05	2.6001e-06	1.5806e-10	
3.4014e+00	-1.8552e+00	6.7751e-03	7.2339e-06	3.4148e-06	1.7759e-10	
3.4014e+00	-1.8150e+00	7.7570e-03	3.1519e-05	4.4841e-06	1.9371e-10	
3.4014e+00	-1.7748e+00	8.8979e-03	3.3032e-05	5.8875e-06	2.1809e-10	
3.4014e+00	-1.7346e+00	1.0230e-02	6.7328e-05	7.7290e-06	4.2774e-10	
3.4014e+00	-1.6944e+00	1.1668e-02	4.1096e-05	1.0144e-05	4.4747e-10	
3.4014e+00	-1.6542e+00	1.3374e-02	4.1275e-05	1.3311e-05	6.4640e-10	
3.4014e+00	-1.6140e+00	1.5397e-02	6.1722e-05	1.7462e-05	3.3386e-10	
3.4014e+00	-1.5738e+00	1.7532e-02	3.1436e-05	2.2902e-05	3.3514e-10	
3.4014e+00	-1.5336e+00	2.0111e-02	4.7299e-05	3.0023e-05	2.3733e-09	
3.4014e+00	-1.4934e+00	2.2820e-02	8.2340e-05	3.9347e-05	1.5382e-09	
3.4014e+00	-1.4532e+00	2.6223e-02	1.1629e-04	5.1543e-05	3.5426e-09	
3.4014e+00	-1.4130e+00	2.9982e-02	1.5430e-04	6.7481e-05	3.8837e-09	
3.4014e+00	-1.3728e+00	3.4266e-02	1.1580e-04	8.8299e-05	4.1468e-09	
3.4014e+00	-1.3326e+00	3.9254e-02	1.6916e-04	1.1545e-04	1.0420e-08	
3.4014e+00	-1.2924e+00	4.4881e-02	8.2420e-05	1.5086e-04	6.1984e-09	
3.4014e+00	-1.2522e+00	5.0762e-02	1.0825e-04	1.9702e-04	1.3078e-08	
3.4014e+00	-1.2120e+00	5.7536e-02	1.1070e-04	2.5707e-04	2.8481e-08	
3.4014e+00	-1.1718e+00	6.5845e-02	1.3426e-04	3.3488e-04	4.0424e-08	
3.4014e+00	-1.1316e+00	7.4684e-02	1.9725e-04	4.3590e-04	8.1389e-08	
3.4014e+00	-1.0914e+00	8.5117e-02	1.7632e-04	5.6646e-04	1.1327e-07	
3.4014e+00	-1.0512e+00	9.6722e-02	2.7590e-04	7.3500e-04	1.9035e-07	
3.4014e+00	-1.0110e+00	1.0953e-01	3.7465e-04	9.5224e-04	3.7606e-07	
3.4014e+00	-9.7080e-01	1.2431e-01	2.5042e-04	1.2306e-03	3.1466e-07	
3.4014e+00	-9.3060e-01	1.3973e-01	2.1759e-04	1.5888e-03	3.6313e-07	
3.4014e+00	-8.9040e-01	1.5724e-01	3.4841e-04	2.0456e-03	7.8760e-07	
3.4014e+00	-8.5020e-01	1.7721e-01	2.7187e-04	2.6254e-03	8.2695e-07	
3.4014e+00	-8.1000e-01	1.9805e-01	1.2049e-04	3.3641e-03	4.6465e-07	
3.4014e+00	-7.6980e-01	2.2169e-01	4.2977e-04	4.2933e-03	2.3376e-06	
3.4014e+00	-7.2960e-01	2.4791e-01	5.4340e-04	5.4573e-03	3.7939e-06	
3.4014e+00	-6.8940e-01	2.7511e-01	3.7424e-04	6.9220e-03	3.3735e-06	
3.4014e+00	-6.4920e-01	3.0588e-01	4.0076e-04	8.7290e-03	4.9200e-06	
3.4014e+00	-6.0900e-01	3.3815e-01	5.8575e-04	1.0970e-02	9.4566e-06	
3.4014e+00	-5.6880e-01	3.7293e-01	5.1242e-04	1.3714e-02	1.1094e-05	
3.4014e+00	-5.2860e-01	4.1025e-01	3.5909e-04	1.7045e-02	1.0086e-05	
3.4014e+00	-4.8840e-01	4.4850e-01	5.2000e-04	2.1113e-02	1.9740e-05	
3.4014e+00	-4.4820e-01	4.8915e-01	4.4253e-04	2.5976e-02	2.2266e-05	
3.4014e+00	-4.0800e-01	5.3090e-01	4.4181e-04	3.1808e-02	2.9914e-05	
3.4014e+00	-3.6780e-01	5.7356e-01	3.7891e-04	3.8765e-02	3.4671e-05	
3.4014e+00	-3.2760e-01	6.1813e-01	2.5395e-04	4.6881e-02	3.0901e-05	
3.4014e+00	-2.8740e-01	6.6355e-01	6.1690e-04	5.6357e-02	1.0300e-04	
3.4014e+00	-2.4720e-01	7.0892e-01	2.8279e-04	6.7504e-02	6.5812e-05	
3.4014e+00	-2.0700e-01	7.5603e-01	2.0181e-04	8.0025e-02	6.6347e-05	
3.4014e+00	-1.6680e-01	8.0323e-01	2.3113e-04	9.4338e-02	1.1142e-04	
3.4014e+00	-1.2660e-01	8.5007e-01	3.1979e-04	1.1090e-01	2.3674e-04	
3.4014e+00	-8.6400e-02	8.9748e-01	1.7431e-04	1.2935e-01	2.2089e-04	
3.4014e+00	-4.6200e-02	9.4524e-01	6.6808e-05	1.4951e-01	1.8266e-04	
3.4014e+00	-6.0000e-03	9.9288e-01	1.1084e-05	1.7210e-01	2.6822e-04	
3.4014e+00	3.4200e-02	1.0406e+00	4.5291e-05	1.9683e-01	2.1981e-04	
3.4014e+00	7.4400e-02	1.0883e+00	1.1302e-04	2.2351e-01	2.8648e-04	
3.4014e+00	1.1460e-01	1.1356e+00	9.8829e-05	2.5169e-01	1.8330e-04	
3.4014e+00	1.5480e-01	1.1833e+00	2.0009e-04	2.8270e-01	3.0762e-04	
3.4014e+00	1.9500e-01	1.2295e+00	1.8834e-04	3.1347e-01	2.5667e-04	
3.4014e+00	2.3520e-01	1.2767e+00	2.3152e-04	3.4770e-01	2.9105e-04	
3.4014e+00	2.7540e-01	1.3233e+00	2.9940e-04	3.8284e-01	3.5523e-04	
3.4014e+00	3.1560e-01	1.3678e+00	3.5099e-04	4.1731e-01	3.9824e-04	
3.4014e+00	3.5580e-01	1.4134e+00	2.7922e-04	4.5452e-01	3.0663e-04	
3.4014e+00	3.9600e-01	1.4567e+00	6.9915e-04	4.9051e-01	7.5129e-04	
3.4014e+00	4.3620e-01	1.4987e+00	6.1406e-04	5.2633e-01	6.4811e-04	
3.4014e+00	4.7640e-01	1.5402e+00	4.4284e-04	5.6265e-01	4.6138e-04	
3.4014e+00	5.1660e-01	1.5795e+00	4.7165e-04	5.9767e-01	4.8615e-04	
3.4014e+00	5.5680e-01	1.6153e+00	5.1230e-04	6.2988e-01	5.2457e-04	
3.4014e+00	5.9700e-01	1.6514e+00	4.5647e-04	6.6315e-01	4.6465e-04	
3.4014e+00	6.3720e-01	1.6842e+00	6.9051e-04	6.9351e-01	6.9978e-04	
3.4014e+00	6.7740e-01	1.7148e+00	7.6316e-04	7.2221e-01	7.7088e-04	
3.4014e+00	7.1760e-01	1.7438e+00	2.4872e-04	7.4970e-01	2.5047e-04	
3.4014e+00	7.5780e-01	1.7701e+00	3.7938e-04	7.7471e-01	3.8157e-04	
3.4014e+00	7.9800e-01	1.7937e+00	2.6005e-04	7.9735e-01	2.6104e-04	
3.4014e+00	8.3820e-01	1.8168e+00	2.6731e-04	8.1959e-01	2.6818e-04	
3.4014e+00	8.7840e-01	1.8369e+00	1.7568e-04	8.3912e-01	1.7616e-04	
3.4014e+00	9.1860e-01	1.8549e+00	3.6593e-04	8.5657e-01	3.6660e-04	
3.4014e+00	9.5880e-01	1.8715e+00	4.5297e-04	8.7286e-01	4.5359e-04	
3.4014e+00	9.9900e-01	1.8867e+00	2.3166e-04	8.8774e-01	2.3189e-04	
3.4014e+00	1.0392e+00	1.9000e+00	3.5718e-04	9.0074e-01	3.5745e-04	
3.4014e+00	1.0794e+00	1.9123e+00	1.5023e-04	9.1288e-01	1.5032e-04	
3.4014e+00	1.1196e+00	1.9220e+00	2.0749e-04	9.2249e-01	2.0758e-04	
3.4014e+00	1.1598e+00	1.9317e+00	2.5990e-04	9.3207e-01	2.5998e-04	
3.4014e+00	1.2000e+00	1.9399e+00	1.3107e-04	9.4020e-01	1.3110e-04	
3.4014e+00	1.2402e+00	1.9475e+00	1.0597e-04	9.4771e-01	1.0599e-04	
3.4014e+00	1.2804e+00	1.9536e+00	1.5707e-04	9.5380e-01	1.5709e-04	
3.4014e+00	1.3206e+00	1.9595e+00	8.0234e-05	9.5965e-01	8.0245e-05	
3.4014e+00	1.3608e+00	1.9646e+00	8.3094e-05	9.6468e-01	8.3101e-05	
3.4014e+00	1.4010e+00	1.9688e+00	1.0595e-04	9.6892e-01	1.0596e-04	
3.4014e+00	1.4412e+00	1.9727e+00	4.5549e-05	9.7274e-01	4.5549e-05	
3.4014e+00	1.4814e+00	1.9761e+00	1.1652e-04	9.7617e-01	1.1652e-04	
3.4014e+00	1.5216e+00	1.9791e+00	8.0889e-05	9.7909e-01	8.0888e-05	
3.4014e+00	1.5618e+00	1.9818e+00	7.9079e-05	9.8179e-01	7.9079e-05	
3.4014e+00	1.6020e+00	1.9840e+00	7.1794e-05	9.8405e-01	7.1795e-05	
3.4014e+00	1.6422e+00	1.9861e+00	2.8127e-05	9.8611e-01	2.8127e-05	
3.4014e+00	1.6824e+00	1.9879e+00	4.3138e-05	9.8788e-01	4.3137e-05	
3.4014e+00	1.7226e+00	1.9895e+00	2.3608e-05	9.8949e-01	2.3608e-05	
3.4014e+00	1.7628e+00	1.9908e+00	2.3517e-05	9.9076e-01	2.3517e-05	
3.4014e+00	1.8030e+00	1.9919e+00	2.4014e-05	9.9192e-01	2.4014e-05	
3.4014e+00	1.8432e+00	1.9930e+00	1.4772e-05	9.9298e-01	1.4772e-05	
3.4014e+00	1.8834e+00	1.9938e+00	1.3450e-05	9.9384e-01	1.3450e-05	
3.4014e+00	1.9236e+00	1.9946e+00	2.1591e-05	9.9463e-01	2.1591e-05	
3.4014e+00	1.9638e+00	1.9953e+00	1.7836e-05	9.9529e-01	1.7836e-05	
3.4014e+00	2.0040e+00	1.9959e+00	2.0297e-05	9.9591e-01	2.0297e-05	
3.4014e+00	2.0442e+00	1.9964e+00	1.4475e-05	9.9642e-01	1.4475e-05	
3.4014e+00	2.0844e+00	1.9969e+00	1.4029e-05	9.9687e-01	1.4029e-05	
3.4014e+00	2.1246e+00	1.9973e+00	9.0958e-06	9.9727e-01	9.0958e-06	
3.4014e+00	2.1648e+00	1.9976e+00	4.6255e-06	9.9762e-01	4.6255e-06	
3.4014e+00	2.2050e+00	1.9979e+00	5.4870e-06	9.9792e-01	5.4870e-06	
3.4014e+00	2.2452e+00	1.9982e+00	5.0491e-06	9.9818e-01	5.0491e-06	
3.4014e+00	2.2854e+00	1.9984e+00	3.8747e-06	9.9842e-01	3.8747e-06	
3.4014e+00	2.3256e+00	1.9986e+00	2.0160e-06	9.9862e-01	2.0160e-06	
3.4014e+00	2.3658e+00	1.9988e+00	1.4284e-06	9.9879e-01	1.4284e-06	
3.4014e+00	2.4060e+00	1.9989e+00	7.4345e-07	9.9895e-01	7.4345e-07	
3.4014e+00	2.4462e+00	1.9991e+00	8.5580e-07	9.9908e-01	8.5580e-07	
3.4014e+00	2.4864e+00	1.9992e+00	8.3557e-07	9.9920e-01	8.3557e-07	
3.4014e+00	2.5266e+00	1.9993e+00	1.0890e-06	9.9930e-01	1.0890e-06	
3.4014e+00	2.5668e+00	1.9994e+00	8.6499e-07	9.9939e-01	8.6499e-07	
3.4014e+00	2.6070e+00	1.9995e+00	1.0472e-06	9.9947e-01	1.0472e-06	
3.4014e+00	2.6472e+00	1.9995e+00	1.0209e-06	9.9954e-01	1.0209e-06	
3.4014e+00	2.6874e+00	1.9996e+00	1.0298e-06	9.9959e-01	1.0298e-06	
3.4014e+00	2.7276e+00	1.9996e+00	8.5860e-07	9.9965e-01	8.5860e-07	
3.4014e+00	2.7678e+00	1.9997e+00	7.2851e-07	9.9969e-01	7.2851e-07	
3.4014e+00	2.8080e+00	1.9997e+00	5.9601e-07	9.9973e-01	5.9601e-07	
3.4014e+00	2.8482e+00	1.9998e+00	5.3812e-07	9.9977e-01	5.3812e-07	
3.4014e+00	2.8884e+00	1.9998e+00	5.0123e-07	9.9980e-01	5.0123e-07	
3.4014e+00	2.9286e+00	1.9998e+00	4.1306e-07	9.9982e-01	4.1306e-07	
3.4014e+00	2.9688e+00	1.9998e+00	3.8106e-07	9.9984e-01	3.8106e-07	
3.4014e+00	3.0090e+00	1.9999e+00	3.5542e-07	9.9986e-01	3.5542e-07	
2.9851e+00	-3.0210e+00	4.2306e-04	8.6505e-07	1.5122e-08	4.9738e-13	
2.9851e+00	-2.9808e+00	4.7724e-04	1.0912e-06	1.9223e-08	6.5094e-13	
2.9851e+00	-2.9406e+00	5.3780e-04	1.0317e-06	2.4436e-08	8.6107e-13	
2.9851e+00	-2.9004e+00	6.0608e-04	1.1180e-06	3.1062e-08	1.1335e-12	
2.9851e+00	-2.8602e+00	6.8287e-04	9.5029e-07	3.9484e-08	1.2416e-12	
2.9851e+00	-2.8200e+00	7.7019e-04	1.4240e-06	5.0190e-08	1.5076e-12	
2.9851e+00	-2.7798e+00	8.6699e-04	1.0686e-06	6.3796e-08	1.7518e-12	
2.9851e+00	-2.7396e+00	9.7947e-04	1.5178e-06	8.1094e-08	2.0895e-12	
2.9851e+00	-2.6994e+00	1.1036e-03	6.1970e-07	1.0308e-07	1.6801e-12	
2.9851e+00	-2.6592e+00	1.2441e-03	6.2775e-07	1.3102e-07	3.6755e-12	
2.9851e+00	-2.6190e+00	1.3981e-03	1.7175e-06	1.6652e-07	5.8614e-12	
2.9851e+00	-2.5788e+00	1.5775e-03	2.1792e-06	2.1165e-07	6.0001e-12	
2.9851e+00	-2.5386e+00	1.7737e-03	3.6786e-06	2.6900e-07	1.0073e-11	
2.9851e+00	-2.4984e+00	2.0043e-03	5.0750e-06	3.4190e-07	1.1852e-11	
2.9851e+00	-2.4582e+00	2.2591e-03	5.8825e-06	4.3452e-07	1.6044e-11	
2.9851e+00	-2.4180e+00	2.5458e-03	4.3541e-06	5.5222e-07	1.8059e-11	
2.9851e+00	-2.3778e+00	2.8678e-03	6.3694e-06	7.0178e-07	2.7280e-11	
2.9851e+00	-2.3376e+00	3.2260e-03	9.9885e-06	8.9177e-07	4.1072e-11	
2.9851e+00	-2.2974e+00	3.6362e-03	1.8567e-05	1.1332e-06	4.9759e-11	
2.9851e+00	-2.2572e+00	4.0975e-03	1.0755e-05	1.4398e-06	5.5560e-11	
2.9851e+00	-2.2170e+00	4.6116e-03	1.4381e-05	1.8294e-06	7.4865e-11	
2.9851e+00	-2.1768e+00	5.2268e-03	1.5865e-05	2.3244e-06	7.9119e-11	
2.9851e+00	-2.1366e+00	5.8855e-03	1.8770e-05	2.9529e-06	1.3854e-10	
2.9851e+00	-2.0964e+00	6.6141e-03	1.2820e-05	3.7509e-06	6.0594e-11	
2.9851e+00	-2.0562e+00	7.4282e-03	8.5993e-06	4.7641e-06	3.5406e-11	
2.9851e+00	-2.0160e+00	8.3612e-03	1.9855e-05	6.0504e-06	1.5256e-10	
2.9851e+00	-1.9758e+00	9.4566e-03	2.6875e-05	7.6830e-06	1.5615e-10	
2.9851e+00	-1.9356e+00	1.0628e-02	3.9382e-05	9.7553e-06	2.0922e-10	
2.9851e+00	-1.8954e+00	1.1989e-02	2.8675e-05	1.2384e-05	2.3133e-10	
2.9851e+00	-1.8552e+00	1.3489e-02	3.6745e-05	1.5719e-05	3.9754e-10	
2.9851e+00	-1.8150e+00	1.5170e-02	4.4269e-05	1.9946e-05	5.9089e-10	
2.9851e+00	-1.7748e+00	1.7091e-02	4.1139e-05	2.5307e-05	5.4459e-10	
2.9851e+00	-1.7346e+00	1.9301e-02	2.0872e-05	3.2099e-05	5.6180e-10	
2.9851e+00	-1.6944e+00	2.1660e-02	4.6315e-05	4.0704e-05	1.2307e-09	
2.9851e+00	-1.6542e+00	2.4485e-02	6.6933e-05	5.1595e-05	3.2503e-09	
2.9851e+00	-1.6140e+00	2.7482e-02	1.2925e-04	6.5382e-05	4.8332e-09	
2.9851e+00	-1.5738e+00	3.0838e-02	1.3821e-04	8.2820e-05	7.3653e-09	
2.9851e+00	-1.5336e+00	3.4679e-02	9.8713e-05	1.0486e-04	8.1711e-09	
2.9851e+00	-1.4934e+00	3.8858e-02	9.9936e-05	1.3271e-04	1.1207e-08	
2.9851e+00	-1.4532e+00	4.3638e-02	1.1031e-04	1.6785e-04	1.4934e-08	
2.9851e+00	-1.4130e+00	4.9023e-02	1.2981e-04	2.1218e-04	2.8563e-08	
2.9851e+00	-1.3728e+00	5.5003e-02	1.7062e-04	2.6799e-04	4.8190e-08	
2.9851e+00	-1.3326e+00	6.1651e-02	9.9269e-05	3.3823e-04	2.8328e-08	
2.9851e+00	-1.2924e+00	6.9318e-02	7.4834e-05	4.2644e-04	3.0040e-08	
2.9851e+00	-1.2522e+00	7.7424e-02	2.1858e-04	5.3734e-04	1.2923e-07	
2.9851e+00	-1.2120e+00	8.6335e-02	1.2152e-04	6.7638e-04	7.6688e-08	
2.9851e+00	-1.1718e+00	9.6523e-02	1.7683e-04	8.5017e-04	1.5533e-07	
2.9851e+00	-1.1316e+00	1.0791e-01	3.3153e-04	1.0671e-03	3.5999e-07	
2.9851e+00	-1.0914e+00	1.2032e-01	2.4732e-04	1.3376e-03	3.5344e-07	
2.9851e+00	-1.0512e+00	1.3386e-01	1.8666e-04	1.6742e-03	3.4512e-07	
2.9851e+00	-1.0110e+00	1.4893e-01	3.9563e-04	2.0915e-03	9.3989e-07	
2.9851e+00	-9.7080e-01	1.6591e-01	4.7903e-04	2.6065e-03	1.4627e-06	
2.9851e+00	-9.3060e-01	1.8370e-01	1.9064e-04	3.2437e-03	6.7556e-07	
2.9851e+00	-8.9040e-01	2.0245e-01	2.9942e-04	4.0307e-03	1.4686e-06	
2.9851e+00	-8.5020e-01	2.2412e-01	3.5674e-04	4.9887e-03	2.1810e-06	
2.9851e+00	-8.1000e-01	2.4658e-01	4.5343e-04	6.1649e-03	3.6878e-06	
2.9851e+00	-7.6980e-01	2.7137e-01	5.6339e-04	7.5904e-03	5.6990e-06	
2.9851e+00	-7.2960e-01	2.9799e-01	7.2468e-04	9.3160e-03	9.4368e-06	
2.9851e+00	-6.8940e-01	3.2504e-01	2.9756e-04	1.1418e-02	5.0900e-06	
2.9851e+00	-6.4920e-01	3.5523e-01	2.8084e-04	1.3918e-02	5.9687e-06	
2.9851e+00	-6.0900e-01	3.8765e-01	3.7264e-04	1.6886e-02	1.0379e-05	
2.9851e+00	-5.6880e-01	4.2121e-01	4.8842e-04	2.0423e-02	1.6865e-05	
2.9851e+00	-5.2860e-01	4.5458e-01	4.3026e-04	2.4676e-02	1.9656e-05	
2.9851e+00	-4.8840e-01	4.9231e-01	4.6638e-04	2.9529e-02	2.7255e-05	
2.9851e+00	-4.4820e-01	5.2974e-01	3.6214e-04	3.5286e-02	2.6969e-05	
2.9851e+00	-4.0800e-01	5.6794e-01	3.8080e-04	4.2018e-02	3.6948e-05	
2.9851e+00	-3.6780e-01	6.0863e-01	5.7222e-04	4.9631e-02	7.2459e-05	
2.9851e+00	-3.2760e-01	6.4869e-01	4.0858e-04	5.8572e-02	6.8532e-05	
2.9851e+00	-2.8740e-01	6.9057e-01	2.0205e-04	6.8589e-02	4.5361e-05	
2.9851e+00	-2.4720e-01	7.3242e-01	3.5753e-04	8.0097e-02	1.0744e-04	
2.9851e+00	-2.0700e-01	7.7533e-01	2.7794e-04	9.2885e-02	1.1431e-04	
2.9851e+00	-1.6680e-01	8.1832e-01	3.8584e-04	1.0733e-01	2.2866e-04	
2.9851e+00	-1.2660e-01	8.6195e-01	1.9829e-04	1.2316e-01	1.7707e-04	
2.9851e+00	-8.6400e-02	9.0553e-01	2.9951e-05	1.4091e-01	4.4643e-05	
2.9851e+00	-4.6200e-02	9.4952e-01	1.1015e-04	1.5991e-01	3.4996e-04	
2.9851e+00	-6.0000e-03	9.9344e-01	7.8614e-06	1.8099e-01	2.3457e-04	
2.9851e+00	3.4200e-02	1.0374e+00	4.8201e-05	2.0339e-01	2.6297e-04	
2.9851e+00	7.4400e-02	1.0813e+00	1.3412e-04	2.2761e-01	3.7585e-04	
2.9851e+00	1.1460e-01	1.1252e+00	1.0333e-04	2.5358e-01	2.0938e-04	
2.9851e+00	1.5480e-01	1.1686e+00	2.6456e-04	2.8048e-01	4.4883e-04	
2.9851e+00	1.9500e-01	1.2117e+00	3.1487e-04	3.0868e-01	4.5897e-04	
2.9851e+00	2.3520e-01	1.2549e+00	3.3626e-04	3.3872e-01	4.4706e-04	
2.9851e+00	2.7540e-01	1.2970e+00	1.3397e-04	3.6883e-01	1.6615e-04	
2.9851e+00	3.1560e-01	1.3395e+00	2.6611e-04	4.0102e-01	3.1383e-04	
2.9851e+00	3.5580e-01	1.3794e+00	3.6760e-04	4.3152e-01	4.1767e-04	
2.9851e+00	3.9600e-01	1.4210e+00	1.6320e-04	4.6524e-01	1.8039e-04	
2.9851e+00	4.3620e-01	1.4596e+00	3.6685e-04	4.9687e-01	3.9674e-04	
2.9851e+00	4.7640e-01	1.4974e+00	5.3401e-04	5.2862e-01	5.6845e-04	
2.9851e+00	5.1660e-01	1.5343e+00	6.9072e-04	5.6033e-01	7.2422e-04	
2.9851e+00	5.5680e-01	1.5691e+00	6.0938e-04	5.9074e-01	6.3259e-04	
2.9851e+00	5.9700e-01	1.6029e+00	3.7013e-04	6.2076e-01	3.8096e-04	
2.9851e+00	6.3720e-01	1.6343e+00	4.7143e-04	6.4907e-01	4.8242e-04	
2.9851e+00	6.7740e-01	1.6665e+00	3.4044e-04	6.7866e-01	3.4584e-04	
2.9851e+00	7.1760e-01	1.6944e+00	3.9680e-04	7.0430e-01	4.0247e-04	
2.9851e+00	7.5780e-01	1.7212e+00	3.7888e-04	7.2927e-01	3.8299e-04	
2.9851e+00	7.9800e-01	1.7457e+00	3.4207e-04	7.5225e-01	3.4501e-04	
2.9851e+00	8.3820e-01	1.7692e+00	3.2882e-04	7.7448e-01	3.3104e-04	
2.9851e+00	8.7840e-01	1.7912e+00	3.3010e-04	7.9552e-01	3.3185e-04	
2.9851e+00	9.1860e-01	1.8116e+00	4.1881e-04	8.1503e-01	4.2045e-04	
2.9851e+00	9.5880e-01	1.8299e+00	3.3538e-04	8.3274e-01	3.3645e-04	
2.9851e+00	9.9900e-01	1.8465e+00	2.2219e-04	8.4871e-01	2.2270e-04	
2.9851e+00	1.0392e+00	1.8620e+00	2.7922e-04	8.6377e-01	2.7976e-04	
2.9851e+00	1.0794e+00	1.8758e+00	1.4360e-04	8.7719e-01	1.4382e-04	
2.9851e+00	1.1196e+00	1.8889e+00	2.0197e-04	8.9002e-01	2.0220e-04	
2.9851e+00	1.1598e+00	1.9006e+00	2.2844e-04	9.0147e-01	2.2864e-04	
2.9851e+00	1.2000e+00	1.9105e+00	1.4417e-04	9.1120e-01	1.4429e-04	
2.9851e+00	1.2402e+00	1.9198e+00	1.1485e-04	9.2039e-01	1.1491e-04	
2.9851e+00	1.2804e+00	1.9280e+00	1.6960e-04	9.2846e-01	1.6967e-04	
2.9851e+00	1.3206e+00	1.9360e+00	2.4449e-04	9.3633e-01	2.4458e-04	
2.9851e+00	1.3608e+00	1.9430e+00	1.8417e-04	9.4329e-01	1.8422e-04	
2.9851e+00	1.4010e+00	1.9492e+00	1.4148e-04	9.4947e-01	1.4151e-04	
2.9851e+00	1.4412e+00	1.9545e+00	1.6772e-04	9.5465e-01	1.6774e-04	
2.9851e+00	1.4814e+00	1.9597e+00	8.0324e-05	9.5984e-01	8.0333e-05	
2.9851e+00	1.5216e+00	1.9643e+00	1.2927e-04	9.6437e-01	1.2928e-04	
2.9851e+00	1.5618e+00	1.9682e+00	4.8612e-05	9.6825e-01	4.8612e-05	
2.9851e+00	1.6020e+00	1.9716e+00	5.7741e-05	9.7162e-01	5.7743e-05	
2.9851e+00	1.6422e+00	1.9749e+00	7.9945e-05	9.7491e-01	7.9947e-05	
2.9851e+00	1.6824e+00	1.9774e+00	3.2574e-05	9.7744e-01	3.2574e-05	
2.9851e+00	1.7226e+00	1.9800e+00	6.9283e-05	9.8005e-01	6.9284e-05	
2.9851e+00	1.7628e+00	1.9824e+00	7.8981e-05	9.8241e-01	7.8982e-05	
2.9851e+00	1.8030e+00	1.9842e+00	6.6819e-05	9.8425e-01	6.6819e-05	
2.9851e+00	1.8432e+00	1.9860e+00	3.7981e-05	9.8606e-01	3.7981e-05	
2.9851e+00	1.8834e+00	1.9876e+00	4.8520e-05	9.8759e-01	4.8521e-05	
2.9851e+00	1.9236e+00	1.9890e+00	2.9115e-05	9.8897e-01	2.9115e-05	
2.9851e+00	1.9638e+00	1.9902e+00	2.9819e-05	9.9019e-01	2.9819e-05	
2.9851e+00	2.0040e+00	1.9913e+00	3.2744e-05	9.9132e-01	3.2744e-05	
2.9851e+00	2.0442e+00	1.9923e+00	6.3902e-06	9.9232e-01	6.3902e-06	
2.9851e+00	2.0844e+00	1.9931e+00	1.6524e-05	9.9314e-01	1.6524e-05	
2.9851e+00	2.1246e+00	1.9939e+00	1.8018e-05	9.9392e-01	1.8018e-05	
2.9851e+00	2.1648e+00	1.9946e+00	1.4550e-05	9.9459e-01	1.4550e-05	
2.9851e+00	2.2050e+00	1.9952e+00	1.8697e-05	9.9521e-01	1.8697e-05	
2.9851e+00	2.2452e+00	1.9958e+00	1.1526e-05	9.9576e-01	1.1526e-05	
2.9851e+00	2.2854e+00	1.9962e+00	1.4126e-05	9.9624e-01	1.4126e-05	
2.9851e+00	2.3256e+00	1.9967e+00	1.4320e-05	9.9666e-01	1.4320e-05	
2.9851e+00	2.3658e+00	1.9970e+00	5.9862e-06	9.9703e-01	5.9862e-06	
2.9851e+00	2.4060e+00	1.9974e+00	3.4783e-06	9.9737e-01	3.4783e-06	
2.9851e+00	2.4462e+00	1.9977e+00	6.2292e-06	9.9766e-01	6.2292e-06	
2.9851e+00	2.4864e+00	1.9979e+00	4.6507e-06	9.9793e-01	4.6507e-06	
2.9851e+00	2.5266e+00	1.9982e+00	3.1884e-06	9.9816e-01	3.1884e-06	
2.9851e+00	2.5668e+00	1.9984e+00	3.3725e-06	9.9837e-01	3.3725e-06	
2.9851e+00	2.6070e+00	1.9986e+00	1.8975e-06	9.9855e-01	1.8975e-06	
2.9851e+00	2.6472e+00	1.9987e+00	6.1372e-07	9.9871e-01	6.1372e-07	
2.9851e+00	2.6874e+00	1.9989e+00	7.8280e-07	9.9886e-01	7.8280e-07	
2.9851e+00	2.7276e+00	1.9990e+00	9.6460e-07	9.9898e-01	9.6460e-07	
2.9851e+00	2.7678e+00	1.9991e+00	6.3313e-07	9.9910e-01	6.3313e-07	
2.9851e+00	2.8080e+00	1.9992e+00	1.4283e-06	9.9920e-01	1.4283e-06	
2.9851e+00	2.8482e+00	1.9993e+00	7.3801e-07	9.9929e-01	7.3801e-07	
2.9851e+00	2.8884e+00	1.9994e+00	9.8369e-07	9.9937e-01	9.8369e-07	
2.9851e+00	2.9286e+00	1.9994e+00	1.1492e-06	9.9944e-01	1.1492e-06	
2.9851e+00	2.9688e+00	1.9995e+00	9.7878e-07	9.9951e-01	9.7878e-07	
2.9851e+00	3.0090e+00	1.9996e+00	9.7361e-07	9.9956e-01	9.7361e-07	
2.6596e+00	-3.0210e+00	1.0621e-03	1.1592e-06	1.0725e-07	1.6691e-12	
2.6596e+00	-2.9808e+00	1.1817e-03	7.3177e-07	1.3280e-07	1.8263e-12	
2.6596e+00	-2.9406e+00	1.3149e-03	7.6830e-07	1.6444e-07	2.6545e-12	
2.6596e+00	-2.9004e+00	1.4625e-03	1.8714e-06	2.0361e-07	2.1887e-12	
2.6596e+00	-2.8602e+00	1.6235e-03	2.2739e-06	2.5211e-07	4.2072e-12	
2.6596e+00	-2.8200e+00	1.8069e-03	3.3543e-06	3.1215e-07	5.4813e-12	
2.6596e+00	-2.7798e+00	2.0067e-03	3.4536e-06	3.8649e-07	1.0398e-11	
2.6596e+00	-2.7396e+00	2.2334e-03	3.6480e-06	4.7853e-07	1.0719e-11	
2.6596e+00	-2.6994e+00	2.4905e-03	4.8310e-06	5.9247e-07	1.4284e-11	
2.6596e+00	-2.6592e+00	2.7663e-03	3.7085e-06	7.3351e-07	1.6013e-11	
2.6596e+00	-2.6190e+00	3.0704e-03	5.2657e-06	9.0808e-07	1.5849e-11	
2.6596e+00	-2.5788e+00	3.4149e-03	9.8995e-06	1.1242e-06	3.2906e-11	
2.6596e+00	-2.5386e+00	3.8118e-03	1.4743e-05	1.3916e-06	4.8077e-11	
2.6596e+00	-2.4984e+00	4.2275e-03	1.7303e-05	1.7227e-06	4.0842e-11	
2.6596e+00	-2.4582e+00	4.7086e-03	1.2825e-05	2.1323e-06	5.4676e-11	
2.6596e+00	-2.4180e+00	5.2456e-03	1.3286e-05	2.6393e-06	5.5739e-11	
2.6596e+00	-2.3778e+00	5.8449e-03	2.5301e-05	3.2666e-06	7.8404e-11	
2.6596e+00	-2.3376e+00	6.4828e-03	1.1019e-05	4.0427e-06	8.8619e-11	
2.6596e+00	-2.2974e+00	7.1982e-03	1.5926e-05	5.0028e-06	9.1614e-11	
2.6596e+00	-2.2572e+00	8.0340e-03	1.0698e-05	6.1904e-06	2.7459e-11	
2.6596e+00	-2.2170e+00	8.9315e-03	1.3551e-05	7.6594e-06	1.4803e-10	
2.6596e+00	-2.1768e+00	9.9268e-03	4.0104e-05	9.4753e-06	2.2959e-10	
2.6596e+00	-2.1366e+00	1.0971e-02	2.1657e-05	1.1721e-05	7.1398e-11	
2.6596e+00	-2.0964e+00	1.2241e-02	3.0335e-05	1.4497e-05	4.4356e-10	
2.6596e+00	-2.0562e+00	1.3598e-02	4.0728e-05	1.7928e-05	3.1134e-10	
2.6596e+00	-2.0160e+00	1.5103e-02	4.5629e-05	2.2168e-05	8.0984e-10	
2.6596e+00	-1.9758e+00	1.6892e-02	5.3905e-05	2.7404e-05	8.2235e-10	
2.6596e+00	-1.9356e+00	1.8679e-02	7.2557e-05	3.3873e-05	1.1103e-09	
2.6596e+00	-1.8954e+00	2.0734e-02	1.9309e-05	4.1859e-05	9.2924e-10	
2.6596e+00	-1.8552e+00	2.3152e-02	3.5481e-05	5.1710e-05	8.1183e-10	
2.6596e+00	-1.8150e+00	2.5554e-02	4.7004e-05	6.3874e-05	2.0075e-09	
2.6596e+00	-1.7748e+00	2.8428e-02	1.1041e-04	7.8869e-05	7.6041e-09	
2.6596e+00	-1.7346e+00	3.1628e-02	1.0151e-04	9.7348e-05	8.6854e-09	
2.6596e+00	-1.6944e+00	3.5062e-02	5.2850e-05	1.2012e-04	6.5533e-09	
2.6596e+00	-1.6542e+00	3.8990e-02	6.2305e-05	1.4815e-04	7.6137e-09	
2.6596e+00	-1.6140e+00	4.3276e-02	6.8751e-05	1.8264e-04	9.5770e-09	
2.6596e+00	-1.5738e+00	4.7904e-02	7.8702e-05	2.2507e-04	1.5950e-08	
2.6596e+00	-1.5336e+00	5.2813e-02	1.7597e-04	2.7727e-04	4.2104e-08	
2.6596e+00	-1.4934e+00	5.8768e-02	1.4955e-04	3.4121e-04	5.0426e-08	
2.6596e+00	-1.4532e+00	6.4924e-02	1.5739e-04	4.1976e-04	6.1275e-08	
2.6596e+00	-1.4130e+00	7.1946e-02	1.3365e-04	5.1593e-04	6.8890e-08	
2.6596e+00	-1.3728e+00	7.9403e-02	2.5560e-04	6.3377e-04	1.6643e-07	
2.6596e+00	-1.3326e+00	8.7946e-02	1.1743e-04	7.7759e-04	8.6537e-08	
2.6596e+00	-1.2924e+00	9.6799e-02	1.2979e-04	9.5358e-04	1.3514e-07	
2.6596e+00	-1.2522e+00	1.0688e-01	2.2869e-04	1.1678e-03	2.7392e-07	
2.6596e+00	-1.2120e+00	1.1762e-01	1.3505e-04	1.4289e-03	2.1429e-07	
2.6596e+00	-1.1718e+00	1.2940e-01	1.9595e-04	1.7462e-03	3.8993e-07	
2.6596e+00	-1.1316e+00	1.4224e-01	3.7523e-04	2.1309e-03	8.7525e-07	
2.6596e+00	-1.0914e+00	1.5682e-01	2.4759e-04	2.5949e-03	7.3768e-07	
2.6596e+00	-1.0512e+00	1.7273e-01	5.4252e-05	3.1542e-03	1.9316e-07	
2.6596e+00	-1.0110e+00	1.8841e-01	3.0444e-04	3.8342e-03	1.3969e-06	
2.6596e+00	-9.7080e-01	2.0637e-01	4.2103e-04	4.6466e-03	2.4530e-06	
2.6596e+00	-9.3060e-01	2.2589e-01	3.8259e-04	5.6184e-03	2.7253e-06	
2.6596e+00	-8.9040e-01	2.4586e-01	3.4685e-04	6.7870e-03	3.0599e-06	
2.6596e+00	-8.5020e-01	2.6789e-01	2.8257e-04	8.1731e-03	3.1036e-06	
2.6596e+00	-8.1000e-01	2.9087e-01	4.3674e-04	9.8249e-03	5.9484e-06	
2.6596e+00	-7.6980e-01	3.1637e-01	4.5392e-04	1.1762e-02	7.7939e-06	
2.6596e+00	-7.2960e-01	3.4256e-01	4.0277e-04	1.4058e-02	8.5658e-06	
2.6596e+00	-6.8940e-01	3.7007e-01	5.9371e-04	1.6756e-02	1.5642e-05	
2.6596e+00	-6.4920e-01	3.9915e-01	3.7614e-04	1.9905e-02	1.2464e-05	
2.6596e+00	-6.0900e-01	4.2820e-01	7.4327e-04	2.3629e-02	3.0609e-05	
2.6596e+00	-5.6880e-01	4.6079e-01	1.8757e-04	2.7849e-02	9.7967e-06	
2.6596e+00	-5.2860e-01	4.9489e-01	5.7716e-04	3.2686e-02	3.7318e-05	
2.6596e+00	-4.8840e-01	5.2864e-01	2.1680e-04	3.8334e-02	1.7581e-05	
2.6596e+00	-4.4820e-01	5.6392e-01	4.7891e-04	4.4750e-02	4.9253e-05	
2.6596e+00	-4.0800e-01	6.0026e-01	1.8331e-04	5.2028e-02	2.3752e-05	
2.6596e+00	-3.6780e-01	6.3735e-01	2.3129e-04	6.0268e-02	3.8177e-05	
2.6596e+00	-3.2760e-01	6.7516e-01	3.0028e-04	6.9550e-02	6.4468e-05	
2.6596e+00	-2.8740e-01	7.1383e-01	2.5196e-04	7.9862e-02	7.0719e-05	
2.6596e+00	-2.4720e-01	7.5248e-01	2.4310e-04	9.1536e-02	8.9816e-05	
2.6596e+00	-2.0700e-01	7.9245e-01	8.5513e-05	1.0411e-01	4.2786e-05	
2.6596e+00	-1.6680e-01	8.3188e-01	2.2028e-04	1.1844e-01	1.5554e-04	
2.6596e+00	-1.2660e-01	8.7248e-01	9.4772e-05	1.3348e-01	9.9364e-05	
2.6596e+00	-8.6400e-02	9.1269e-01	8.2505e-05	1.5044e-01	1.4230e-04	
2.6596e+00	-4.6200e-02	9.5339e-01	2.6549e-05	1.6811e-01	9.6158e-05	
2.6596e+00	-6.0000e-03	9.9392e-01	5.8950e-06	1.8814e-01	1.8264e-04	
2.6596e+00	3.4200e-02	1.0346e+00	5.3992e-05	2.0886e-01	3.2628e-04	
2.6596e+00	7.4400e-02	1.0752e+00	1.2381e-04	2.3085e-01	3.8058e-04	
2.6596e+00	1.1460e-01	1.1157e+00	7.5443e-05	2.5433e-01	1.6573e-04	
2.6596e+00	1.5480e-01	1.1559e+00	1.2172e-04	2.7863e-01	2.1779e-04	
2.6596e+00	1.9500e-01	1.1959e+00	1.5768e-04	3.0425e-01	2.4516e-04	
2.6596e+00	2.3520e-01	1.2352e+00	2.0185e-04	3.3025e-01	2.8367e-04	
2.6596e+00	2.7540e-01	1.2746e+00	2.4529e-04	3.5782e-01	3.1972e-04	
2.6596e+00	3.1560e-01	1.3135e+00	2.3657e-04	3.8602e-01	2.9104e-04	
2.6596e+00	3.5580e-01	1.3515e+00	4.5682e-04	4.1444e-01	5.3845e-04	
2.6596e+00	3.9600e-01	1.3890e+00	3.4668e-04	4.4343e-01	3.9503e-04	
2.6596e+00	4.3620e-01	1.4253e+00	4.0068e-04	4.7209e-01	4.4489e-04	
2.6596e+00	4.7640e-01	1.4606e+00	4.6135e-04	5.0071e-01	5.0170e-04	
2.6596e+00	5.1660e-01	1.4953e+00	1.7977e-04	5.2962e-01	1.9205e-04	
2.6596e+00	5.5680e-01	1.5286e+00	3.8704e-04	5.5783e-01	4.0850e-04	
2.6596e+00	5.9700e-01	1.5610e+00	7.6300e-04	5.8573e-01	7.9669e-04	
2.6596e+00	6.3720e-01	1.5920e+00	5.6479e-04	6.1291e-01	5.8459e-04	
2.6596e+00	6.7740e-01	1.6213e+00	5.7863e-04	6.3898e-01	5.9499e-04	
2.6596e+00	7.1760e-01	1.6493e+00	2.3727e-04	6.6413e-01	2.4263e-04	
2.6596e+00	7.5780e-01	1.6763e+00	2.8201e-04	6.8875e-01	2.8719e-04	
2.6596e+00	7.9800e-01	1.7017e+00	2.8780e-04	7.1208e-01	2.9207e-04	
2.6596e+00	8.3820e-01	1.7253e+00	2.4735e-04	7.3398e-01	2.5029e-04	
2.6596e+00	8.7840e-01	1.7477e+00	1.5434e-04	7.5486e-01	1.5574e-04	
2.6596e+00	9.1860e-01	1.7688e+00	5.0191e-04	7.7472e-01	5.0576e-04	
2.6596e+00	9.5880e-01	1.7879e+00	4.9605e-04	7.9284e-01	4.9908e-04	
2.6596e+00	9.9900e-01	1.8077e+00	2.9739e-04	8.1177e-01	2.9889e-04	
2.6596e+00	1.0392e+00	1.8228e+00	2.5442e-04	8.2619e-01	2.5507e-04	
2.6596e+00	1.0794e+00	1.8388e+00	2.5602e-04	8.4159e-01	2.5684e-04	
2.6596e+00	1.1196e+00	1.8532e+00	3.2471e-04	8.5542e-01	3.2553e-04	
2.6596e+00	1.1598e+00	1.8660e+00	3.3027e-04	8.6790e-01	3.3095e-04	
2.6596e+00	1.2000e+00	1.8783e+00	2.9704e-04	8.7985e-01	2.9753e-04	
2.6596e+00	1.2402e+00	1.8903e+00	2.2133e-04	8.9157e-01	2.2162e-04	
2.6596e+00	1.2804e+00	1.9000e+00	2.1419e-04	9.0102e-01	2.1442e-04	
2.6596e+00	1.3206e+00	1.9096e+00	9.3308e-05	9.1047e-01	9.3384e-05	
2.6596e+00	1.3608e+00	1.9181e+00	1.5428e-04	9.1874e-01	1.5438e-04	
2.6596e+00	1.4010e+00	1.9260e+00	7.2553e-05	9.2657e-01	7.2601e-05	
2.6596e+00	1.4412e+00	1.9334e+00	1.5537e-04	9.3382e-01	1.5543e-04	
2.6596e+00	1.4814e+00	1.9395e+00	1.0790e-04	9.3982e-01	1.0794e-04	
2.6596e+00	1.5216e+00	1.9454e+00	1.1651e-04	9.4567e-01	1.1654e-04	
2.6596e+00	1.5618e+00	1.9507e+00	1.9004e-04	9.5097e-01	1.9008e-04	
2.6596e+00	1.6020e+00	1.9553e+00	9.1156e-05	9.5549e-01	9.1171e-05	
2.6596e+00	1.6422e+00	1.9600e+00	6.4568e-05	9.6012e-01	6.4576e-05	
2.6596e+00	1.6824e+00	1.9637e+00	8.1890e-05	9.6385e-01	8.1900e-05	
2.6596e+00	1.7226e+00	1.9675e+00	5.4239e-05	9.6757e-01	5.4243e-05	
2.6596e+00	1.7628e+00	1.9705e+00	4.6235e-05	9.7063e-01	4.6238e-05	
2.6596e+00	1.8030e+00	1.9735e+00	4.7999e-05	9.7360e-01	4.8000e-05	
2.6596e+00	1.8432e+00	1.9762e+00	4.8257e-05	9.7624e-01	4.8259e-05	
2.6596e+00	1.8834e+00	1.9786e+00	6.7691e-05	9.7861e-01	6.7693e-05	
2.6596e+00	1.9236e+00	1.9807e+00	5.4783e-05	9.8074e-01	5.4784e-05	
2.6596e+00	1.9638e+00	1.9826e+00	2.1020e-05	9.8258e-01	2.1020e-05	
2.6596e+00	2.0040e+00	1.9844e+00	2.5404e-05	9.8440e-01	2.5404e-05	
2.6596e+00	2.0442e+00	1.9859e+00	4.9554e-05	9.8597e-01	4.9554e-05	
2.6596e+00	2.0844e+00	1.9873e+00	3.4627e-05	9.8732e-01	3.4628e-05	
2.6596e+00	2.1246e+00	1.9886e+00	2.6164e-05	9.8864e-01	2.6164e-05	
2.6596e+00	2.1648e+00	1.9897e+00	2.1071e-05	9.8975e-01	2.1071e-05	
2.6596e+00	2.2050e+00	1.9908e+00	1.8260e-05	9.9083e-01	1.8260e-05	
2.6596e+00	2.2452e+00	1.9917e+00	1.5650e-05	9.9175e-01	1.5650e-05	
2.6596e+00	2.2854e+00	1.9926e+00	2.0828e-05	9.9257e-01	2.0827e-05	
2.6596e+00	2.3256e+00	1.9933e+00	1.1104e-05	9.9330e-01	1.1104e-05	
2.6596e+00	2.3658e+00	1.9940e+00	2.1950e-05	9.9396e-01	2.1950e-05	
2.6596e+00	2.4060e+00	1.9946e+00	1.4506e-05	9.9459e-01	1.4506e-05	
2.6596e+00	2.4462e+00	1.9951e+00	1.5586e-05	9.9514e-01	1.5586e-05	
2.6596e+00	2.4864e+00	1.9956e+00	1.7090e-05	9.9564e-01	1.7090e-05	
2.6596e+00	2.5266e+00	1.9961e+00	1.3413e-05	9.9607e-01	1.3413e-05	
2.6596e+00	2.5668e+00	1.9965e+00	1.3333e-05	9.9647e-01	1.3332e-05	
2.6596e+00	2.6070e+00	1.9968e+00	6.2521e-06	9.9682e-01	6.2521e-06	
2.6596e+00	2.6472e+00	1.9971e+00	2.7812e-06	9.9715e-01	2.7812e-06	
2.6596e+00	2.6874e+00	1.9974e+00	5.3576e-06	9.9743e-01	5.3576e-06	
2.6596e+00	2.7276e+00	1.9977e+00	4.6179e-06	9.9769e-01	4.6179e-06	
2.6596e+00	2.7678e+00	1.9979e+00	3.4048e-06	9.9793e-01	3.4048e-06	
2.6596e+00	2.8080e+00	1.9981e+00	3.1182e-06	9.9814e-01	3.1182e-06	
2.6596e+00	2.8482e+00	1.9983e+00	2.0589e-06	9.9832e-01	2.0589e-06	
2.6596e+00	2.8884e+00	1.9985e+00	1.7501e-06	9.9849e-01	1.7501e-06	
2.6596e+00	2.9286e+00	1.9986e+00	6.6545e-07	9.9864e-01	6.6545e-07	
2.6596e+00	2.9688e+00	1.9988e+00	9.0673e-07	9.9878e-01	9.0673e-07	
2.6596e+00	3.0090e+00	1.9989e+00	1.0658e-06	9.9890e-01	1.0658e-06	
2.3981e+00	-3.0210e+00	2.2197e-03	3.4880e-06	5.1755e-07	7.4345e-12	
2.3981e+00	-2.9808e+00	2.4416e-03	3.3352e-06	6.2747e-07	1.1912e-11	
2.3981e+00	-2.9406e+00	2.6954e-03	4.7711e-06	7.6071e-07	1.0407e-11	
2.3981e+00	-2.9004e+00	2.9610e-03	5.0321e-06	9.2222e-07	1.3558e-11	
2.3981e+00	-2.8602e+00	3.2536e-03	4.5678e-06	1.1180e-06	1.7402e-11	
2.3981e+00	-2.8200e+00	3.5818e-03	7.2560e-06	1.3552e-06	2.5813e-11	
2.3981e+00	-2.7798e+00	3.9513e-03	1.4021e-05	1.6428e-06	2.9538e-11	
2.3981e+00	-2.7396e+00	4.3475e-03	1.4229e-05	1.9914e-06	3.5865e-11	
2.3981e+00	-2.6994e+00	4.7777e-03	1.5686e-05	2.4137e-06	4.1083e-11	
2.3981e+00	-2.6592e+00	5.2722e-03	1.3678e-05	2.9256e-06	3.4528e-11	
2.3981e+00	-2.6190e+00	5.8064e-03	1.0868e-05	3.5458e-06	4.5573e-11	
2.3981e+00	-2.5788e+00	6.3972e-03	2.5840e-05	4.2972e-06	5.0410e-11	
2.3981e+00	-2.5386e+00	7.0222e-03	1.6307e-05	5.2077e-06	4.0861e-11	
2.3981e+00	-2.4984e+00	7.7386e-03	1.7745e-05	6.3104e-06	6.0260e-11	
2.3981e+00	-2.4582e+00	8.4992e-03	2.7596e-05	7.6463e-06	8.6870e-11	
2.3981e+00	-2.4180e+00	9.3562e-03	1.5743e-05	9.2644e-06	6.4233e-11	
2.3981e+00	-2.3778e+00	1.0300e-02	2.3503e-05	1.1223e-05	1.3020e-10	
2.3981e+00	-2.3376e+00	1.1357e-02	2.1140e-05	1.3596e-05	1.0813e-10	
2.3981e+00	-2.2974e+00	1.2471e-02	3.0112e-05	1.6467e-05	1.4959e-10	
2.3981e+00	-2.2572e+00	1.3717e-02	2.5371e-05	1.9943e-05	3.2620e-10	
2.3981e+00	-2.2170e+00	1.5047e-02	5.1383e-05	2.4151e-05	7.5763e-10	
2.3981e+00	-2.1768e+00	1.6593e-02	4.0629e-05	2.9240e-05	5.6987e-10	
2.3981e+00	-2.1366e+00	1.8273e-02	2.8623e-05	3.5397e-05	8.4059e-10	
2.3981e+00	-2.0964e+00	2.0185e-02	3.2235e-05	4.2841e-05	8.8347e-10	
2.3981e+00	-2.0562e+00	2.2049e-02	3.8043e-05	5.1849e-05	1.7713e-09	
2.3981e+00	-2.0160e+00	2.4306e-02	3.8418e-05	6.2729e-05	1.5736e-09	
2.3981e+00	-1.9758e+00	2.6594e-02	3.3669e-05	7.5885e-05	2.4703e-09	
2.3981e+00	-1.9356e+00	2.9238e-02	4.0166e-05	9.1769e-05	3.2228e-09	
2.3981e+00	-1.8954e+00	3.2169e-02	1.1981e-04	1.1095e-04	1.0007e-08	
2.3981e+00	-1.8552e+00	3.5315e-02	3.5727e-05	1.3410e-04	4.1228e-09	
2.3981e+00	-1.8150e+00	3.8752e-02	6.9101e-05	1.6203e-04	1.0100e-08	
2.3981e+00	-1.7748e+00	4.2553e-02	1.0582e-04	1.9570e-04	1.8952e-08	
2.3981e+00	-1.7346e+00	4.6974e-02	8.3535e-05	2.3622e-04	1.8816e-08	
2.3981e+00	-1.6944e+00	5.1308e-02	9.7186e-05	2.8513e-04	2.8054e-08	
2.3981e+00	-1.6542e+00	5.6367e-02	5.4819e-05	3.4392e-04	1.6776e-08	
2.3981e+00	-1.6140e+00	6.1580e-02	1.9710e-04	4.1473e-04	8.1981e-08	
2.3981e+00	-1.5738e+00	6.7840e-02	1.2142e-04	4.9958e-04	5.9959e-08	
2.3981e+00	-1.5336e+00	7.4044e-02	1.1448e-04	6.0177e-04	6.8718e-08	
2.3981e+00	-1.4934e+00	8.1290e-02	8.3003e-05	7.2404e-04	6.0610e-08	
2.3981e+00	-1.4532e+00	8.8796e-02	9.1375e-05	8.7085e-04	8.4731e-08	
2.3981e+00	-1.4130e+00	9.7206e-02	1.5484e-04	1.0464e-03	1.7970e-07	
2.3981e+00	-1.3728e+00	1.0586e-01	2.0199e-04	1.2568e-03	2.6573e-07	
2.3981e+00	-1.3326e+00	1.1552e-01	3.4085e-04	1.5078e-03	5.5366e-07	
2.3981e+00	-1.2924e+00	1.2638e-01	2.6227e-04	1.8063e-03	5.3249e-07	
2.3981e+00	-1.2522e+00	1.3760e-01	2.5391e-04	2.1628e-03	6.2351e-07	
2.3981e+00	-1.2120e+00	1.4955e-01	1.8483e-04	2.5871e-03	5.2850e-07	
2.3981e+00	-1.1718e+00	1.6345e-01	1.7433e-04	3.0874e-03	6.2922e-07	
2.3981e+00	-1.1316e+00	1.7743e-01	2.4054e-04	3.6836e-03	1.0715e-06	
2.3981e+00	-1.0914e+00	1.9278e-01	5.0156e-04	4.3861e-03	2.6500e-06	
2.3981e+00	-1.0512e+00	2.0917e-01	1.3226e-04	5.2153e-03	8.8096e-07	
2.3981e+00	-1.0110e+00	2.2653e-01	3.9015e-04	6.1924e-03	3.0985e-06	
2.3981e+00	-9.7080e-01	2.4569e-01	2.1231e-04	7.3338e-03	1.8699e-06	
2.3981e+00	-9.3060e-01	2.6535e-01	4.1976e-04	8.6759e-03	4.9314e-06	
2.3981e+00	-8.9040e-01	2.8658e-01	2.5304e-04	1.0239e-02	3.5874e-06	
2.3981e+00	-8.5020e-01	3.0811e-01	3.8082e-04	1.2074e-02	6.6849e-06	
2.3981e+00	-8.1000e-01	3.3197e-01	3.2302e-04	1.4183e-02	6.8139e-06	
2.3981e+00	-7.6980e-01	3.5628e-01	5.4679e-04	1.6640e-02	1.4055e-05	
2.3981e+00	-7.2960e-01	3.8257e-01	5.0367e-04	1.9453e-02	1.5762e-05	
2.3981e+00	-6.8940e-01	4.0952e-01	2.9653e-04	2.2701e-02	1.1399e-05	
2.3981e+00	-6.4920e-01	4.3717e-01	2.4164e-04	2.6442e-02	1.1329e-05	
2.3981e+00	-6.0900e-01	4.6680e-01	4.2646e-04	3.0666e-02	2.4602e-05	
2.3981e+00	-5.6880e-01	4.9706e-01	4.3311e-04	3.5492e-02	3.0568e-05	
2.3981e+00	-5.2860e-01	5.2854e-01	5.0839e-04	4.0936e-02	4.4347e-05	
2.3981e+00	-4.8840e-01	5.6036e-01	4.5274e-04	4.7132e-02	4.8492e-05	
2.3981e+00	-4.4820e-01	5.9402e-01	2.9550e-04	5.3975e-02	3.9292e-05	
2.3981e+00	-4.0800e-01	6.2828e-01	1.6252e-04	6.1637e-02	2.6894e-05	
2.3981e+00	-3.6780e-01	6.6293e-01	2.2682e-04	7.0194e-02	4.7431e-05	
2.3981e+00	-3.2760e-01	6.9859e-01	2.2852e-04	7.9582e-02	6.0351e-05	
2.3981e+00	-2.8740e-01	7.3337e-01	2.8017e-04	9.0370e-02	9.4917e-05	
2.3981e+00	-2.4720e-01	7.7016e-01	2.9937e-04	1.0171e-01	1.3264e-04	
2.3981e+00	-2.0700e-01	8.0691e-01	1.2631e-04	1.1427e-01	7.4878e-05	
2.3981e+00	-1.6680e-01	8.4379e-01	2.1065e-04	1.2809e-01	1.7264e-04	
2.3981e+00	-1.2660e-01	8.8137e-01	1.3033e-04	1.4267e-01	1.5652e-04	
2.3981e+00	-8.6400e-02	9.1884e-01	4.3568e-05	1.5872e-01	8.5289e-05	
2.3981e+00	-4.6200e-02	9.5667e-01	5.2313e-05	1.7536e-01	2.1193e-04	
2.3981e+00	-6.0000e-03	9.9436e-01	8.0976e-06	1.9371e-01	2.7870e-04	
2.3981e+00	3.4200e-02	1.0321e+00	2.8763e-05	2.1287e-01	1.9092e-04	
2.3981e+00	7.4400e-02	1.0699e+00	9.1920e-05	2.3368e-01	3.0737e-04	
2.3981e+00	1.1460e-01	1.1076e+00	3.5608e-05	2.5510e-01	8.4692e-05	
2.3981e+00	1.5480e-01	1.1447e+00	1.4434e-04	2.7680e-01	2.7613e-04	
2.3981e+00	1.9500e-01	1.1820e+00	1.5549e-04	3.0022e-01	2.5636e-04	
2.3981e+00	2.3520e-01	1.2185e+00	1.8807e-04	3.2370e-01	2.7859e-04	
2.3981e+00	2.7540e-01	1.2554e+00	3.3269e-04	3.4893e-01	4.5486e-04	
2.3981e+00	3.1560e-01	1.2914e+00	1.9611e-04	3.7416e-01	2.5180e-04	
2.3981e+00	3.5580e-01	1.3264e+00	2.7891e-04	3.9925e-01	3.4138e-04	
2.3981e+00	3.9600e-01	1.3617e+00	1.5881e-04	4.2586e-01	1.8695e-04	
2.3981e+00	4.3620e-01	1.3961e+00	3.3557e-04	4.5231e-01	3.8337e-04	
2.3981e+00	4.7640e-01	1.4292e+00	3.9586e-04	4.7824e-01	4.4127e-04	
2.3981e+00	5.1660e-01	1.4617e+00	3.1076e-04	5.0432e-01	3.3965e-04	
2.3981e+00	5.5680e-01	1.4927e+00	2.5232e-04	5.2965e-01	2.7135e-04	
2.3981e+00	5.9700e-01	1.5244e+00	1.6667e-04	5.5642e-01	1.7712e-04	
2.3981e+00	6.3720e-01	1.5538e+00	4.5753e-04	5.8146e-01	4.8028e-04	
2.3981e+00	6.7740e-01	1.5822e+00	4.7127e-04	6.0594e-01	4.9046e-04	
2.3981e+00	7.1760e-01	1.6100e+00	2.3218e-04	6.3035e-01	2.3988e-04	
2.3981e+00	7.5780e-01	1.6360e+00	6.3367e-04	6.5346e-01	6.5099e-04	
2.3981e+00	7.9800e-01	1.6611e+00	4.9338e-04	6.7599e-01	5.0445e-04	
2.3981e+00	8.3820e-01	1.6840e+00	2.5938e-04	6.9667e-01	2.6410e-04	
2.3981e+00	8.7840e-01	1.7075e+00	4.8383e-04	7.1829e-01	4.9113e-04	
2.3981e+00	9.1860e-01	1.7282e+00	4.0409e-04	7.3730e-01	4.0914e-04	
2.3981e+00	9.5880e-01	1.7488e+00	4.2081e-04	7.5651e-01	4.2512e-04	
2.3981e+00	9.9900e-01	1.7677e+00	4.1347e-04	7.7421e-01	4.1690e-04	
2.3981e+00	1.0392e+00	1.7856e+00	1.5064e-04	7.9107e-01	1.5168e-04	
2.3981e+00	1.0794e+00	1.8026e+00	3.7203e-04	8.0723e-01	3.7414e-04	
2.3981e+00	1.1196e+00	1.8176e+00	3.1521e-04	8.2152e-01	3.1668e-04	
2.3981e+00	1.1598e+00	1.8325e+00	1.7037e-04	8.3574e-01	1.7101e-04	
2.3981e+00	1.2000e+00	1.8464e+00	2.0727e-04	8.4911e-01	2.0802e-04	
2.3981e+00	1.2402e+00	1.8587e+00	3.4239e-04	8.6100e-01	3.4328e-04	
2.3981e+00	1.2804e+00	1.8701e+00	9.8517e-05	8.7205e-01	9.8725e-05	
2.3981e+00	1.3206e+00	1.8813e+00	2.3106e-04	8.8292e-01	2.3147e-04	
2.3981e+00	1.3608e+00	1.8917e+00	2.0999e-04	8.9306e-01	2.1028e-04	
2.3981e+00	1.4010e+00	1.9009e+00	2.1078e-04	9.0198e-01	2.1102e-04	
2.3981e+00	1.4412e+00	1.9087e+00	2.2855e-04	9.0960e-01	2.2877e-04	
2.3981e+00	1.4814e+00	1.9167e+00	2.9944e-04	9.1749e-01	2.9967e-04	
2.3981e+00	1.5216e+00	1.9239e+00	1.3126e-04	9.2450e-01	1.3134e-04	
2.3981e+00	1.5618e+00	1.9306e+00	1.4198e-04	9.3109e-01	1.4206e-04	
2.3981e+00	1.6020e+00	1.9365e+00	1.2972e-04	9.3698e-01	1.2977e-04	
2.3981e+00	1.6422e+00	1.9421e+00	1.4555e-04	9.4250e-01	1.4560e-04	
2.3981e+00	1.6824e+00	1.9472e+00	1.0765e-04	9.4745e-01	1.0768e-04	
2.3981e+00	1.7226e+00	1.9517e+00	1.6278e-04	9.5194e-01	1.6282e-04	
2.3981e+00	1.7628e+00	1.9560e+00	1.1848e-04	9.5619e-01	1.1851e-04	
2.3981e+00	1.8030e+00	1.9602e+00	1.6819e-04	9.6039e-01	1.6822e-04	
2.3981e+00	1.8432e+00	1.9635e+00	8.1680e-05	9.6365e-01	8.1690e-05	
2.3981e+00	1.8834e+00	1.9668e+00	8.9817e-05	9.6696e-01	8.9827e-05	
2.3981e+00	1.9236e+00	1.9699e+00	5.8961e-05	9.7003e-01	5.8966e-05	
2.3981e+00	1.9638e+00	1.9727e+00	9.7290e-05	9.7275e-01	9.7294e-05	
2.3981e+00	2.0040e+00	1.9750e+00	3.0512e-05	9.7511e-01	3.0513e-05	
2.3981e+00	2.0442e+00	1.9773e+00	5.1199e-05	9.7736e-01	5.1202e-05	
2.3981e+00	2.0844e+00	1.9793e+00	6.1392e-05	9.7939e-01	6.1394e-05	
2.3981e+00	2.1246e+00	1.9812e+00	5.6744e-05	9.8125e-01	5.6745e-05	
2.3981e+00	2.1648e+00	1.9830e+00	3.8081e-05	9.8301e-01	3.8082e-05	
2.3981e+00	2.2050e+00	1.9845e+00	6.4838e-05	9.8456e-01	6.4839e-05	
2.3981e+00	2.2452e+00	1.9859e+00	3.6564e-05	9.8591e-01	3.6564e-05	
2.3981e+00	2.2854e+00	1.9872e+00	1.8270e-05	9.8718e-01	1.8270e-05	
2.3981e+00	2.3256e+00	1.9883e+00	2.1926e-05	9.8835e-01	2.1926e-05	
2.3981e+00	2.3658e+00	1.9894e+00	3.5132e-05	9.8939e-01	3.5132e-05	
2.3981e+00	2.4060e+00	1.9904e+00	1.4835e-05	9.9036e-01	1.4835e-05	
2.3981e+00	2.4462e+00	1.9913e+00	1.5257e-05	9.9128e-01	1.5257e-05	
2.3981e+00	2.4864e+00	1.9920e+00	6.4131e-06	9.9205e-01	6.4131e-06	
2.3981e+00	2.5266e+00	1.9928e+00	1.5417e-05	9.9280e-01	1.5417e-05	
2.3981e+00	2.5668e+00	1.9934e+00	2.3389e-05	9.9342e-01	2.3389e-05	
2.3981e+00	2.6070e+00	1.9940e+00	1.8702e-05	9.9403e-01	1.8702e-05	
2.3981e+00	2.6472e+00	1.9946e+00	1.4130e-05	9.9458e-01	1.4130e-05	
2.3981e+00	2.6874e+00	1.9951e+00	1.5160e-05	9.9508e-01	1.5160e-05	
2.3981e+00	2.7276e+00	1.9955e+00	1.4340e-05	9.9554e-01	1.4340e-05	
2.3981e+00	2.7678e+00	1.9959e+00	1.6670e-05	9.9593e-01	1.6670e-05	
2.3981e+00	2.8080e+00	1.9963e+00	8.7529e-06	9.9632e-01	8.7529e-06	
2.3981e+00	2.8482e+00	1.9967e+00	5.8324e-06	9.9665e-01	5.8324e-06	
2.3981e+00	2.8884e+00	1.9970e+00	2.9938e-06	9.9695e-01	2.9938e-06	
2.3981e+00	2.9286e+00	1.9972e+00	3.8559e-06	9.9723e-01	3.8559e-06	
2.3981e+00	2.9688e+00	1.9975e+00	2.9536e-06	9.9749e-01	2.9536e-06	
2.3981e+00	3.0090e+00	1.9977e+00	2.0974e-06	9.9772e-01	2.0974e-06	
2.1834e+00	-3.0210e+00	4.0698e-03	1.3339e-05	1.8836e-06	1.9030e-11	
2.1834e+00	-2.9808e+00	4.4475e-03	1.3100e-05	2.2442e-06	3.1735e-11	
2.1834e+00	-2.9406e+00	4.8378e-03	1.3318e-05	2.6737e-06	2.4289e-11	
2.1834e+00	-2.9004e+00	5.2936e-03	1.5316e-05	3.1854e-06	3.0458e-11	
2.1834e+00	-2.8602e+00	5.7779e-03	1.1972e-05	3.7948e-06	4.6981e-11	