"tempβ"	"μ"	"density"	"err"	"doublon"	"err"
0.9891196834817014	-8.021	0.0007904454	2.3499185000000003e-6	1.413998e-7	1.2324666e-11
0.9891196834817014	-7.990800000000001	0.00081440156	2.4210449000000004e-6	1.5010091e-7	1.3071539e-11
0.9891196834817014	-7.960600000000001	0.0008392173899999999	2.4878523e-6	1.5933833999999998e-7	1.3840957e-11
0.9891196834817014	-7.9304000000000014	0.00086484137	2.5989058e-6	1.6914451999999998e-7	1.4961548e-11
0.9891196834817014	-7.900200000000002	0.0008908025899999999	2.6958258000000005e-6	1.7955043000000001e-7	1.5887729e-11
0.9891196834817014	-7.870000000000002	0.0009177586800000001	2.6607386e-6	1.9059835999999998e-7	1.5682305e-11
0.9891196834817014	-7.839800000000002	0.00094558288	2.8086276000000003e-6	2.0232575e-7	1.7057168e-11
0.9891196834817014	-7.809600000000002	0.0009742380600000001	2.8936062e-6	2.1477487e-7	1.8086911e-11
0.9891196834817014	-7.7794000000000025	0.0010037611	2.9811501e-6	2.2798976e-7	1.9178145e-11
0.9891196834817014	-7.749200000000003	0.0010341782	3.0713364e-6	2.4201750999999996e-7	2.0334478000000002e-11
0.9891196834817014	-7.719000000000003	0.0010655165	3.1642446000000006e-6	2.5690811e-7	2.1559725e-11
0.9891196834817014	-7.688800000000003	0.0010978037	3.2599564e-6	2.7271459e-7	2.2857914e-11
0.9891196834817014	-7.658600000000003	0.0011310687	3.3585559e-6	2.8949325999999995e-7	2.4233304e-11
0.9891196834817014	-7.628400000000004	0.0011653409	3.4601299000000006e-6	3.073039e-7	2.5690394000000002e-11
0.9891196834817014	-7.598200000000004	0.0012006954	3.6660783000000004e-6	3.2620891e-7	2.9195969e-11
0.9891196834817014	-7.568000000000004	0.0012372846	3.8947399000000005e-6	3.4628059999999995e-7	3.1419006e-11
0.9891196834817014	-7.537800000000004	0.0012747728	4.012501500000001e-6	3.6758369e-7	3.3304531999999996e-11
0.9891196834817014	-7.5076000000000045	0.0013133959	4.1338133000000005e-6	3.9019686e-7	3.5301584000000007e-11
0.9891196834817014	-7.477400000000005	0.0013531362	4.2035026e-6	4.1420039e-7	3.6747555e-11
0.9891196834817014	-7.447200000000005	0.0013941316	4.3305680000000005e-6	4.3968019000000003e-7	3.8947224000000005e-11
0.9891196834817014	-7.417000000000005	0.0014365331	4.572169700000001e-6	4.6673034e-7	4.1718250000000004e-11
0.9891196834817014	-7.386800000000005	0.0014813475000000002	4.8618618e-6	4.9545076e-7	4.7893841e-11
0.9891196834817014	-7.356600000000006	0.0015261646000000002	4.992314600000001e-6	5.259256599999999e-7	5.1497247000000004e-11
0.9891196834817014	-7.326400000000006	0.001572663	5.1317681000000005e-6	5.582757499999999e-7	5.4923188999999995e-11
0.9891196834817014	-7.296200000000006	0.0016203027000000001	5.286815000000001e-6	5.926141e-7	5.8202231000000005e-11
0.9891196834817014	-7.266000000000006	0.0016693839999999999	5.4465288000000006e-6	6.2906353e-7	6.1673603e-11
0.9891196834817014	-7.2358000000000064	0.0017202068000000002	5.536822700000001e-6	6.6775631e-7	6.5127509e-11
0.9891196834817014	-7.205600000000007	0.0017723112	5.7040523e-6	7.088250900000001e-7	6.9005016e-11
0.9891196834817014	-7.175400000000007	0.001825992	5.8763122e-6	7.524184e-7	7.3108928e-11
0.9891196834817014	-7.145200000000007	0.0018810916	6.121067100000001e-6	7.986877999999999e-7	7.7088451e-11
0.9891196834817014	-7.115000000000007	0.0019376681	6.056652e-6	8.4779651e-7	8.1037348e-11
0.9891196834817014	-7.0848000000000075	0.0019967542	6.173468600000001e-6	8.999383399999999e-7	8.3567737e-11
0.9891196834817014	-7.054600000000008	0.0020570888	6.422837500000001e-6	9.5527547e-7	9.0797831e-11
0.9891196834817014	-7.024400000000008	0.0021193841	6.616687300000001e-6	1.014016e-6	9.6168269e-11
0.9891196834817014	-6.994200000000008	0.0021835634	6.816359600000001e-6	1.0763664e-6	1.0184889000000001e-10
0.9891196834817014	-6.964000000000008	0.0022496836	7.0220275e-6	1.1425481e-6	1.0785688000000001e-10
0.9891196834817014	-6.933800000000009	0.0023178031	7.2338691000000005e-6	1.2127964000000001e-6	1.1421033000000001e-10
0.9891196834817014	-6.903600000000009	0.0023872448	7.468464600000001e-6	1.2873482e-6	1.2090900000000002e-10
0.9891196834817014	-6.873400000000009	0.0024590437	7.885156100000002e-6	1.3664923000000002e-6	1.308214e-10
0.9891196834817014	-6.843200000000009	0.0025336236000000002	8.227667400000002e-6	1.4505001000000003e-6	1.341383e-10
0.9891196834817014	-6.8130000000000095	0.0026103273	8.475713400000001e-6	1.5396679e-6	1.4196594e-10
0.9891196834817014	-6.78280000000001	0.0026894047	8.7193628e-6	1.6343093000000002e-6	1.5271513e-10
0.9891196834817014	-6.75260000000001	0.0027701786	8.977854700000001e-6	1.7347544000000003e-6	1.5714965e-10
0.9891196834817014	-6.72240000000001	0.0028537717	9.0681806e-6	1.8413805e-6	1.6353097e-10
0.9891196834817014	-6.69220000000001	0.0029404595	9.3911808e-6	1.9545649000000005e-6	1.762946e-10
0.9891196834817014	-6.662000000000011	0.0030291091	9.595210800000001e-6	2.0746928000000004e-6	1.8135335e-10
0.9891196834817014	-6.631800000000011	0.0031206524000000004	9.615051300000001e-6	2.2021864e-6	1.8160501000000003e-10
0.9891196834817014	-6.601600000000011	0.0032152381	9.799268900000001e-6	2.3375198000000003e-6	1.9139848000000003e-10
0.9891196834817014	-6.571400000000011	0.0033125359	0.00001009425	2.4811599000000003e-6	2.0237361000000002e-10
0.9891196834817014	-6.5412000000000114	0.0034124946	0.000011018803000000002	2.6336375e-6	2.3123156e-10
0.9891196834817014	-6.511000000000012	0.0035161548	0.000011019777000000001	2.7954638e-6	2.1704169000000001e-10
0.9891196834817014	-6.480800000000012	0.0036224407	0.000011444731	2.9672049e-6	2.2979425000000003e-10
0.9891196834817014	-6.450600000000012	0.0037325275000000004	0.000012197451	3.1494867e-6	2.4354501e-10
0.9891196834817014	-6.420400000000012	0.0038449649000000005	0.000011765177000000001	3.3429665e-6	2.2025352000000003e-10
0.9891196834817014	-6.3902000000000125	0.0039615421	0.00001243026	3.5483255000000006e-6	2.3860979e-10
0.9891196834817014	-6.360000000000013	0.0040821	0.000013584439000000002	3.7663113e-6	2.4674773e-10
0.9891196834817014	-6.329800000000013	0.0042065084	0.000014674146	3.9976929e-6	2.7967689e-10
0.9891196834817014	-6.299600000000013	0.004333492	0.000015200930000000003	4.2432443000000005e-6	2.9569243e-10
0.9891196834817014	-6.269400000000013	0.0044662635000000004	0.000016102054	4.503858700000001e-6	3.2551454000000006e-10
0.9891196834817014	-6.239200000000014	0.0046018586000000005	0.000016853587000000002	4.7804362e-6	3.4054812000000003e-10
0.9891196834817014	-6.209000000000014	0.0047409884	0.000017350246	5.0739329e-6	3.5236267e-10
0.9891196834817014	-6.178800000000014	0.0048834798	0.000017971205000000002	5.3854494e-6	3.7381642e-10
0.9891196834817014	-6.148600000000014	0.0050311075000000005	0.000018509942	5.7160661000000005e-6	3.9332771e-10
0.9891196834817014	-6.1184000000000145	0.0051818905	0.000019445287	6.0668735e-6	4.2660948e-10
0.9891196834817014	-6.088200000000015	0.0053390534	0.000019809938999999998	6.4392662000000005e-6	4.663654e-10
0.9891196834817014	-6.058000000000015	0.0055021904	0.000019265275	6.834567700000001e-6	4.714161100000001e-10
0.9891196834817014	-6.027800000000015	0.0056687443	0.000019787256000000002	7.254060700000001e-6	4.908469e-10
0.9891196834817014	-5.997600000000015	0.005837774100000001	0.000021138654000000002	7.699151e-6	5.3155044e-10
0.9891196834817014	-5.967400000000016	0.0060151904	0.000021460873	8.171611300000001e-6	5.7832019e-10
0.9891196834817014	-5.937200000000016	0.0061978230999999995	0.000022697417	8.673011200000001e-6	6.074379800000001e-10
0.9891196834817014	-5.907000000000016	0.006382660599999999	0.000023019012	9.2049573e-6	6.281032e-10
0.9891196834817014	-5.876800000000016	0.006581051599999999	0.000021456523	9.7694967e-6	6.7666583e-10
0.9891196834817014	-5.8466000000000165	0.0067771833000000005	0.000022463097000000004	0.000010368596	6.8487571e-10
0.9891196834817014	-5.816400000000017	0.006984042900000001	0.000022706603000000002	0.000011004538	7.377635800000001e-10
0.9891196834817014	-5.786200000000017	0.007194763600000001	0.000022546026000000002	0.000011679277	7.4397092e-10
0.9891196834817014	-5.756000000000017	0.007412259300000001	0.000023162471	0.000012395313	8.2941796e-10
0.9891196834817014	-5.725800000000017	0.007634146400000001	0.000022186816000000003	0.000013155157000000001	7.8051713e-10
0.9891196834817014	-5.6956000000000175	0.0078657577	0.000024490976	0.00001396155	8.742497500000001e-10
0.9891196834817014	-5.665400000000018	0.008106406	0.000026401956999999998	0.000014817382000000002	9.085741800000001e-10
0.9891196834817014	-5.635200000000018	0.0083489149	0.000026064275	0.000015725297999999998	8.777706600000001e-10
0.9891196834817014	-5.605000000000018	0.0086021946	0.000026052706	0.000016689029	9.587595900000001e-10
0.9891196834817014	-5.574800000000018	0.0088574489	0.000026766373	0.000017711166	8.689179900000001e-10
0.9891196834817014	-5.544600000000019	0.0091263372	0.000027658461000000003	0.000018796173	8.9482803e-10
0.9891196834817014	-5.514400000000019	0.0093983529	0.000028473071	0.000019947102	8.856734500000001e-10
0.9891196834817014	-5.484200000000019	0.0096828953	0.000028484231999999998	0.000021168779	9.5986471e-10
0.9891196834817014	-5.454000000000019	0.009975651700000001	0.000029041926000000002	0.000022464797	1.0891579e-9
0.9891196834817014	-5.4238000000000195	0.010273756000000002	0.000030442287000000003	0.000023840092	1.4665611e-9
0.9891196834817014	-5.39360000000002	0.010581402	0.00003321559	0.000025298935000000002	1.7644706e-9
0.9891196834817014	-5.36340000000002	0.010903486	0.000033365275	0.000026847089000000002	1.8632048000000002e-9
0.9891196834817014	-5.33320000000002	0.011229119000000001	0.000034841979000000005	0.000028489433	1.8904996e-9
0.9891196834817014	-5.30300000000002	0.011568487	0.000036415418	0.000030231961000000005	1.9024796e-9
0.9891196834817014	-5.272800000000021	0.011921448000000001	0.000037103306000000004	0.000032080746	1.8996953e-9
0.9891196834817014	-5.242600000000021	0.012269638	0.000039386641	0.000034041557	2.2673412e-9
0.9891196834817014	-5.212400000000021	0.012638970999999999	0.000040709272000000003	0.000036122549	2.3288762e-9
0.9891196834817014	-5.182200000000021	0.013019654	0.000041547735000000004	0.000038330516	2.4430623000000004e-9
0.9891196834817014	-5.1520000000000215	0.013410139	0.000044027600000000005	0.000040672613	2.1861246e-9
0.9891196834817014	-5.121800000000022	0.013810813	0.00004528068	0.000043157287	2.3180651999999998e-9
0.9891196834817014	-5.091600000000022	0.0142255	0.000050966974000000004	0.000045793373	2.1620974000000002e-9
0.9891196834817014	-5.061400000000022	0.014645907	0.000057374875000000004	0.000048588457000000007	2.3755902e-9
0.9891196834817014	-5.031200000000022	0.015090803	0.00005336480500000001	0.000051554776000000004	2.4548273000000003e-9
0.9891196834817014	-5.0010000000000225	0.015546779	0.000051785353999999995	0.000054701786	2.6476355000000004e-9
0.9891196834817014	-4.970800000000023	0.01601547	0.000052884052000000006	0.000058039497	2.9767347e-9
0.9891196834817014	-4.940600000000023	0.016513597	0.000048273777	0.000061581478	3.0009960000000003e-9
0.9891196834817014	-4.910400000000023	0.016999676000000002	0.000044570673	0.000065335242	2.7733808e-9
0.9891196834817014	-4.880200000000023	0.017502712	0.000038887471000000004	0.00006931827000000001	2.3392677e-9
0.9891196834817014	-4.850000000000024	0.018024069	0.000036311013	0.000073543181	2.8553012000000002e-9
0.9891196834817014	-4.819800000000024	0.018552998	0.000041131661000000005	0.000078023881	3.9519122000000006e-9
0.9891196834817014	-4.789600000000024	0.019111790000000003	0.000040385728	0.00008277647	5.0334395e-9
0.9891196834817014	-4.759400000000024	0.019687640000000003	0.000044768049	0.000087816484	5.2499018e-9
0.9891196834817014	-4.7292000000000245	0.020288218	0.000046108602	0.00009316174900000001	5.5092898000000005e-9
0.9891196834817014	-4.699000000000025	0.020881007	0.000043007726	0.000098828949	5.4460689e-9
0.9891196834817014	-4.668800000000025	0.021492723000000002	0.000054076541	0.00010484016	3.4162999e-9
0.9891196834817014	-4.638600000000025	0.022129275000000004	0.000053183844000000004	0.00011121424000000001	4.0397113e-9
0.9891196834817014	-4.608400000000025	0.022803785	0.000058534732	0.00011797361	3.71198e-9
0.9891196834817014	-4.578200000000026	0.023469126000000003	0.000050229366	0.00012513965	5.7969031e-9
0.9891196834817014	-4.548000000000026	0.02416427	0.000054225784	0.00013273981	6.0262694e-9
0.9891196834817014	-4.517800000000026	0.024895348	0.000064474954	0.00014080154	6.3921534e-9
0.9891196834817014	-4.487600000000026	0.025655450000000003	0.000070762061	0.00014935019	5.6938655000000005e-9
0.9891196834817014	-4.4574000000000265	0.026366937000000003	0.000071057466	0.00015839737000000002	5.597639300000001e-9
0.9891196834817014	-4.427200000000027	0.027134551000000003	0.00007860839	0.00016800073	5.9406409000000006e-9
0.9891196834817014	-4.397000000000027	0.027974197000000003	0.00008574763600000001	0.00017818368000000002	5.136141e-9
0.9891196834817014	-4.366800000000027	0.0288286	0.00009467600400000001	0.00018898429	5.272063e-9
0.9891196834817014	-4.336600000000027	0.029673371	0.00009780519800000001	0.0002004298	5.3343249e-9
0.9891196834817014	-4.3064000000000275	0.030563804	0.000094912367	0.00021255584	6.5630256e-9
0.9891196834817014	-4.276200000000028	0.031478937000000005	0.00009375784600000001	0.00022541441000000002	5.591106e-9
0.9891196834817014	-4.246000000000028	0.032384012000000004	0.000093120824	0.00023903951000000002	7.2075727e-9
0.9891196834817014	-4.215800000000028	0.03332404	0.000075354681	0.00025349082	5.1733295e-9
0.9891196834817014	-4.185600000000028	0.034304635	0.00007004306300000001	0.00026880688	6.7778642e-9
0.9891196834817014	-4.155400000000029	0.035352493000000006	0.00007697932600000001	0.00028502715000000003	6.7103271e-9
0.9891196834817014	-4.125200000000029	0.036377123000000004	0.000091419913	0.00030220129	8.2513791e-9
0.9891196834817014	-4.095000000000029	0.037433113000000004	0.000077803132	0.00032043723	1.2156577e-8
0.9891196834817014	-4.064800000000029	0.038534015000000005	0.000067413718	0.00033973959999999997	8.5717135e-9
0.9891196834817014	-4.0346000000000295	0.039649148	0.000067200394	0.00036018679999999997	1.5227869999999997e-8
0.9891196834817014	-4.00440000000003	0.040888609	0.00008769530500000001	0.00038184974	1.2999213000000001e-8
0.9891196834817014	-3.97420000000003	0.042084064000000004	0.00010337194	0.00040480355000000005	2.2189084999999998e-8
0.9891196834817014	-3.94400000000003	0.043326491	0.00008670511	0.00042911833	2.1235124999999998e-8
0.9891196834817014	-3.9138000000000304	0.044617716	0.00009056078	0.00045490251	2.3992419e-8
0.9891196834817014	-3.8836000000000306	0.045942597	0.00015051698999999998	0.00048220478	3.8416035999999996e-8
0.9891196834817014	-3.853400000000031	0.047295264000000004	0.00016860241000000002	0.00051110395	4.8575243e-8
0.9891196834817014	-3.823200000000031	0.048643112	0.00017222299	0.00054174274	5.515198599999999e-8
0.9891196834817014	-3.7930000000000312	0.050162963000000005	0.00015940557	0.0005741419800000001	4.4592813999999995e-8
0.9891196834817014	-3.7628000000000315	0.051615206000000004	0.00016630343	0.00060847464	6.399314699999999e-8
0.9891196834817014	-3.7326000000000317	0.053195109	0.00017443938	0.00064480587	7.467998099999999e-8
0.9891196834817014	-3.702400000000032	0.054774523	0.00016707807999999998	0.00068331496	6.054734299999999e-8
0.9891196834817014	-3.672200000000032	0.056354544	0.00017801898	0.00072406311	8.3091182e-8
0.9891196834817014	-3.6420000000000323	0.058091616000000006	0.00019834699000000002	0.0007671624000000001	8.9144602e-8
0.9891196834817014	-3.6118000000000325	0.05974115	0.00019281073000000003	0.0008128504600000001	1.0822536e-7
0.9891196834817014	-3.5816000000000328	0.061587857	0.00020736966000000002	0.0008611313000000001	1.1694831e-7
0.9891196834817014	-3.551400000000033	0.063267802	0.00018606302	0.00091235361	1.283088e-7
0.9891196834817014	-3.521200000000033	0.065062595	0.00024779087	0.00096649612	1.3866906000000001e-7
0.9891196834817014	-3.4910000000000334	0.066846715	0.00019906528000000003	0.0010238373	1.2760349e-7
0.9891196834817014	-3.4608000000000336	0.06876673900000001	0.00016963316000000002	0.0010844714	1.0566077999999999e-7
0.9891196834817014	-3.430600000000034	0.071032778	0.00024835515	0.0011484224	1.8115928e-7
0.9891196834817014	-3.400400000000034	0.073059475	0.00030554993000000004	0.0012163427	2.5285531e-7
0.9891196834817014	-3.3702000000000343	0.075111515	0.00026931683	0.001288137	2.1951689999999997e-7
0.9891196834817014	-3.3400000000000345	0.07728391800000001	0.00031594551	0.0013640985	2.9183543e-7
0.9891196834817014	-3.3098000000000347	0.079486189	0.00026019586	0.0014443934000000001	2.849237e-7
0.9891196834817014	-3.279600000000035	0.081940925	0.00020335175	0.0015290411000000001	2.4474672e-7
0.9891196834817014	-3.249400000000035	0.08409050800000001	0.00023854241000000002	0.0016190986	3.1151959e-7
0.9891196834817014	-3.2192000000000354	0.086212696	0.00018591604	0.0017143905	2.9689888e-7
0.9891196834817014	-3.1890000000000356	0.088699738	0.00016909181	0.0018147401	3.1094711e-7
0.9891196834817014	-3.158800000000036	0.09128707900000001	0.00015014659	0.0019207585999999998	2.9621692999999997e-7
0.9891196834817014	-3.128600000000036	0.093999435	0.00020007948	0.0020327432	3.9162796e-7
0.9891196834817014	-3.0984000000000362	0.09660458200000001	0.00020394728000000002	0.0021512063000000002	4.7399074e-7
0.9891196834817014	-3.0682000000000365	0.099548127	0.00020406989	0.002276006	4.8456314e-7
0.9891196834817014	-3.0380000000000367	0.10236237	0.00023037106	0.0024082425	5.672572299999999e-7
0.9891196834817014	-3.007800000000037	0.10534164	0.00021373053	0.0025477480000000003	5.1877896e-7
0.9891196834817014	-2.977600000000037	0.10835504	0.00015035774	0.0026951698	4.3699028e-7
0.9891196834817014	-2.9474000000000373	0.11124006	0.00015555033	0.0028513993	4.9555181e-7
0.9891196834817014	-2.9172000000000375	0.11441303	0.00017464057999999998	0.0030157966000000005	4.8038887e-7
0.9891196834817014	-2.8870000000000378	0.11772051	0.0001931793	0.0031893435999999996	6.244786e-7
0.9891196834817014	-2.856800000000038	0.12105763	0.00024350416	0.0033725066999999997	6.3113176e-7
0.9891196834817014	-2.826600000000038	0.12438761	0.00020124155	0.0035661006	5.6622618e-7
0.9891196834817014	-2.7964000000000384	0.12805189	0.00015277662000000002	0.0037695026	6.2913031e-7
0.9891196834817014	-2.7662000000000386	0.13142856	0.00022479494000000001	0.0039856113	8.9134557e-7
0.9891196834817014	-2.736000000000039	0.13518278	0.00031473833	0.00421278	1.4617224000000003e-6
0.9891196834817014	-2.705800000000039	0.13884565	0.00028187165	0.0044524969	1.477055e-6
0.9891196834817014	-2.6756000000000393	0.14295982	0.00017280213999999999	0.0047038743	9.5797368e-7
0.9891196834817014	-2.6454000000000395	0.14667414	0.00026846735	0.0049712521	1.3007353e-6
0.9891196834817014	-2.6152000000000397	0.15102925	0.00035205745999999997	0.0052504418	1.8628829e-6
0.9891196834817014	-2.58500000000004	0.15517865	0.00028681361	0.005546011400000001	1.7271777000000002e-6
0.9891196834817014	-2.55480000000004	0.15928028	0.0002714065	0.0058586902	1.6781098e-6
0.9891196834817014	-2.5246000000000404	0.16350138	0.00034431224	0.006188073	2.3501166000000002e-6
0.9891196834817014	-2.4944000000000406	0.1686371	0.00042791111	0.0065295341	2.9700673e-6
0.9891196834817014	-2.464200000000041	0.17283113	0.00022800202	0.0068964611	1.5218845e-6
0.9891196834817014	-2.434000000000041	0.17736359	0.00035107132	0.0072810033	2.9381563000000004e-6
0.9891196834817014	-2.4038000000000412	0.18219905	0.00049502413	0.0076844212	4.4542296e-6
0.9891196834817014	-2.3736000000000415	0.18686016	0.0006407374300000001	0.0081115102	6.035492900000001e-6
0.9891196834817014	-2.3434000000000417	0.19162414	0.00044372401	0.0085614477	4.512696e-6
0.9891196834817014	-2.313200000000042	0.19772463	0.00028026987	0.0090222214	2.7954509000000004e-6
0.9891196834817014	-2.283000000000042	0.20356579	0.00038444946000000004	0.009509054900000001	4.5425045e-6
0.9891196834817014	-2.2528000000000423	0.20790409	0.00036362167000000004	0.010041398	4.0314296e-6
0.9891196834817014	-2.2226000000000425	0.21359957	0.00037471439	0.010584658	4.647260100000001e-6
0.9891196834817014	-2.1924000000000428	0.21982084	0.00053482085	0.011150956	7.5478621e-6
0.9891196834817014	-2.162200000000043	0.22564899	0.0005605425600000001	0.011752728	7.9108709e-6
0.9891196834817014	-2.132000000000043	0.23123598	0.00070163957	0.012390099000000002	0.000010916714
0.9891196834817014	-2.1018000000000434	0.237387	0.00067305628	0.013052778000000001	0.000011270869000000001
0.9891196834817014	-2.0716000000000436	0.24335915	0.0003494166	0.013753762000000001	5.7487614000000005e-6
0.9891196834817014	-2.041400000000044	0.2492031	0.00043954131	0.014494263	8.46078e-6
0.9891196834817014	-2.011200000000044	0.25562246	0.00030210556	0.015262851000000001	6.083392100000001e-6
0.9891196834817014	-1.981000000000044	0.26272397	0.00017722337	0.016058648000000002	3.471621e-6
0.9891196834817014	-1.950800000000044	0.26955724	0.00032302676	0.016900995	6.9787373e-6
0.9891196834817014	-1.920600000000044	0.27580305	0.00046486326000000003	0.017800468	0.000011778561000000001
0.9891196834817014	-1.890400000000044	0.28291806	0.00022803390000000003	0.018725926	5.920262600000001e-6
0.9891196834817014	-1.860200000000044	0.28969039	0.00046606812	0.019709153	0.000013354892
0.9891196834817014	-1.830000000000044	0.29749003	0.00043909559999999996	0.020712853000000003	0.000013311961
0.9891196834817014	-1.799800000000044	0.30454652	0.00055379336	0.021791718	0.000016890933
0.9891196834817014	-1.769600000000044	0.31246882	0.00056466633	0.022896962000000003	0.000018918066
0.9891196834817014	-1.739400000000044	0.31994784	0.00041796188	0.024073477	0.000014962186
0.9891196834817014	-1.709200000000044	0.32830123	0.00047449394	0.025274896000000005	0.000017522585
0.9891196834817014	-1.679000000000044	0.33685085	0.00026396713999999997	0.026528266	0.00001070633
0.9891196834817014	-1.648800000000044	0.34460201	0.0002787018	0.027879011999999998	0.000011319770000000001
0.9891196834817014	-1.618600000000044	0.35329483	0.00022796511	0.029253886000000003	0.000010107330000000001
0.9891196834817014	-1.588400000000044	0.36118094	0.000171783	0.030734535000000004	8.127491100000002e-6
0.9891196834817014	-1.558200000000044	0.37040347	0.00056827442	0.032226113	0.000029048482
0.9891196834817014	-1.528000000000044	0.37901991	0.00048773989	0.033816461	0.000026169343
0.9891196834817014	-1.497800000000044	0.38877374	0.0005920261999999999	0.035419246	0.000034521183000000004
0.9891196834817014	-1.467600000000044	0.3971514	0.00093195277	0.037183696	0.000056215985000000004
0.9891196834817014	-1.437400000000044	0.40608172	0.00029513881	0.03899783700000001	0.000019429603000000003
0.9891196834817014	-1.407200000000044	0.41546072	0.00038279676	0.040871172000000004	0.000026650611000000002
0.9891196834817014	-1.377000000000044	0.42548862	0.00056566849	0.042785667	0.000042093462
0.9891196834817014	-1.346800000000044	0.43542384	0.00012065201000000001	0.04479333	9.533033e-6
0.9891196834817014	-1.316600000000044	0.44533273	0.00018098404	0.046897805	0.00001526787
0.9891196834817014	-1.286400000000044	0.45538641	0.0005573000299999999	0.049083359	0.000049602355
0.9891196834817014	-1.256200000000044	0.46526445	0.00042824725	0.051390776000000006	0.00004073298
0.9891196834817014	-1.226000000000044	0.47613177	0.00040894818	0.05370609800000001	0.000041485721
0.9891196834817014	-1.195800000000044	0.48674836	0.0006301255999999999	0.056145676000000005	0.00006906998
0.9891196834817014	-1.165600000000044	0.4972867	0.00020928027	0.058706806	0.000024894646000000003
0.9891196834817014	-1.135400000000044	0.50902958	0.00059558901	0.061234398	0.000074812355
0.9891196834817014	-1.105200000000044	0.51899519	0.0005874903000000001	0.064104111	0.000078473476
0.9891196834817014	-1.075000000000044	0.53148796	0.00070465277	0.06674969200000001	0.00010018942
0.9891196834817014	-1.044800000000044	0.54193184	0.00047248005	0.069802705	0.000072428008
0.9891196834817014	-1.014600000000044	0.55289773	0.0006367670100000001	0.07292013800000001	0.00010420001
0.9891196834817014	-0.9844000000000439	0.56467514	0.0003060566	0.076033685	0.00005377446700000001
0.9891196834817014	-0.9542000000000439	0.57659466	0.00054393401	0.07925030400000001	0.00010257109000000001
0.9891196834817014	-0.9240000000000439	0.58814316	0.00039712617	0.082678546	0.000081435103
0.9891196834817014	-0.8938000000000439	0.59991837	0.00019804956	0.08620495	0.000043129615
0.9891196834817014	-0.8636000000000439	0.61221644	0.00028873690000000003	0.089763854	0.000066890697
0.9891196834817014	-0.8334000000000439	0.62392466	0.00018744964	0.093610382	0.000047980677
0.9891196834817014	-0.8032000000000439	0.63763575	0.00031109715	0.097090574	0.000085432838
0.9891196834817014	-0.7730000000000439	0.64940196	0.00036630372	0.10123724	0.00010729095
0.9891196834817014	-0.7428000000000439	0.66186655	0.00056634203	0.10536326	0.00017748627
0.9891196834817014	-0.7126000000000439	0.67496906	0.00040486259000000006	0.10944117	0.00013913279
0.9891196834817014	-0.6824000000000439	0.68846035	0.00041023127	0.11352088	0.00015159717
0.9891196834817014	-0.6522000000000439	0.70079727	0.00040927449	0.11818904	0.00016200134
0.9891196834817014	-0.6220000000000439	0.7144744	0.00034663483	0.12249654	0.00014902156
0.9891196834817014	-0.5918000000000438	0.72740479	0.00035129561	0.12727974	0.00016490721
0.9891196834817014	-0.5616000000000438	0.74064131	0.00027777380000000004	0.13210864	0.00014378981
0.9891196834817014	-0.5314000000000438	0.75393459	0.00018968433	0.13708792	0.00010822424
0.9891196834817014	-0.5012000000000438	0.7670326	0.00023459332	0.1423798	0.0001444625
0.9891196834817014	-0.47100000000004383	0.78119415	0.00026236974	0.14718621	0.00017813099
0.9891196834817014	-0.4408000000000438	0.79476278	0.00023242685	0.15254639	0.00017466986000000002
0.9891196834817014	-0.4106000000000438	0.80816761	0.00018228048	0.15823806	0.00015113376000000002
0.9891196834817014	-0.3804000000000438	0.82206971	0.00011841506	0.16373023	0.00010990774
0.9891196834817014	-0.3502000000000438	0.83581188	0.00007991137000000001	0.16956069	0.000085153841
0.9891196834817014	-0.3200000000000438	0.84984449	0.00014920912	0.17528145	0.00017579806000000002
0.9891196834817014	-0.2898000000000438	0.86396013	0.00005144392800000001	0.18106984	0.000068795706
0.9891196834817014	-0.2596000000000438	0.87804555	0.0001001624	0.1870627	0.00015546303000000001
0.9891196834817014	-0.2294000000000438	0.89212953	0.000022387749000000003	0.1932341	0.000039301218
0.9891196834817014	-0.1992000000000438	0.90608806	0.00012425825	0.19988644	0.00026685269
0.9891196834817014	-0.16900000000004378	0.92030152	0.000090748736	0.20622885	0.00023680794999999998
0.9891196834817014	-0.13880000000004378	0.93455313	0.00008534696600000001	0.21261792	0.0002789253
0.9891196834817014	-0.10860000000004377	0.94881204	0.00006053849700000001	0.21908709	0.00026067762000000003
0.9891196834817014	-0.07840000000004377	0.96303503	0.000047520469	0.22584924	0.00029244773
0.9891196834817014	-0.04820000000004376	0.97726428	0.000026869040000000003	0.23278111	0.00027739928
0.9891196834817014	-0.018000000000043762	0.99150882	0.000010544679	0.23977069	0.00030021261
0.9891196834817014	0.012199999999956239	1.0057546	7.3213087e-6	0.246857	0.00031668964
0.9891196834817014	0.04239999999995624	1.0200006	0.000023639367000000002	0.25411866	0.00030265082
0.9891196834817014	0.07259999999995624	1.0342324	0.000044015796	0.26139695	0.00033821029
0.9891196834817014	0.10279999999995625	1.0484584	0.00005732536200000001	0.26883898	0.00031960292
0.9891196834817014	0.13299999999995624	1.0626976000000001	0.00007622399	0.27651369	0.00033830510000000004
0.9891196834817014	0.16319999999995624	1.0770103	0.000076549678	0.28459122	0.00028426147000000003
0.9891196834817014	0.19339999999995625	1.0911556	0.00010805896	0.29218756	0.00034893506
0.9891196834817014	0.22359999999995625	1.1051643	0.000045422431000000006	0.29960407	0.00012831183
0.9891196834817014	0.2537999999999562	1.1192074	0.00008138207300000001	0.30737124	0.00021154723
0.9891196834817014	0.28399999999995623	1.1332714000000002	0.000080931455	0.31539373	0.00019412548
0.9891196834817014	0.31419999999995624	1.1473882	0.00017183159	0.32370145	0.00038058756
0.9891196834817014	0.34439999999995624	1.1614573	0.00011725823000000001	0.33206489	0.00024370982
0.9891196834817014	0.37459999999995625	1.1753544	0.00014939278	0.34024782	0.00029121095
0.9891196834817014	0.40479999999995625	1.1890352	0.00026894221	0.34820526	0.0004978997700000001
0.9891196834817014	0.43499999999995625	1.2028999999999999	0.00021041017	0.35670191	0.00037243949
0.9891196834817014	0.46519999999995626	1.2161705	0.00023863278	0.36435046	0.00040540212
0.9891196834817014	0.49539999999995626	1.2301979	0.00026811002000000003	0.37345947	0.00043680343
0.9891196834817014	0.5255999999999562	1.2436145	0.00013614153000000002	0.38173628	0.00021581954
0.9891196834817014	0.5557999999999562	1.2569342	0.00016003055	0.39005298	0.00024450566
0.9891196834817014	0.5859999999999562	1.270165	0.00032587026	0.39841392	0.00048289859
0.9891196834817014	0.6161999999999562	1.2830789	0.00033868163	0.40649872	0.00048627772
0.9891196834817014	0.6463999999999562	1.2967505	0.00024059074	0.41582762	0.00033795063
0.9891196834817014	0.6765999999999562	1.3102141999999999	0.00028594742	0.4250043	0.00039299309
0.9891196834817014	0.7067999999999562	1.3224230000000001	0.00049818373	0.43263221	0.00067189745
0.9891196834817014	0.7369999999999562	1.3360932	0.00036278393	0.44238013	0.00047854276000000004
0.9891196834817014	0.7671999999999563	1.3479511999999998	0.0003561668	0.44989666	0.00046113897
0.9891196834817014	0.7973999999999563	1.3601001	0.00035410629	0.45797186	0.00045090074000000003
0.9891196834817014	0.8275999999999563	1.3737058999999998	0.00027527954	0.46804453	0.00034605133
0.9891196834817014	0.8577999999999563	1.3854633	0.00022236450999999998	0.47593511	0.00027600501
0.9891196834817014	0.8879999999999563	1.3977076	0.00019942863	0.48458298	0.00024281616
0.9891196834817014	0.9181999999999563	1.4094778	0.00054744195	0.49279771	0.00066028981
0.9891196834817014	0.9483999999999563	1.4209482000000002	0.0008402698100000001	0.5008005	0.0010005544
0.9891196834817014	0.9785999999999563	1.4329945	0.00036957938000000003	0.50963161	0.00043544861
0.9891196834817014	1.0087999999999562	1.4446238	0.0005819735499999999	0.51809498	0.0006791555299999999
0.9891196834817014	1.0389999999999562	1.4557317	0.00045724459	0.52608743	0.00052841064
0.9891196834817014	1.0691999999999562	1.4662433	0.0009482321000000001	0.53353056	0.0010859825
0.9891196834817014	1.0993999999999562	1.4786173999999999	0.00053400435	0.54322353	0.00060600689
0.9891196834817014	1.1295999999999562	1.4890293	0.00053952316	0.55080233	0.00060763785
0.9891196834817014	1.1597999999999562	1.5007222	0.00051454476	0.5599391	0.00057731069
0.9891196834817014	1.1899999999999562	1.5112276	0.00064434628	0.5678576	0.00071624947
0.9891196834817014	1.2201999999999562	1.5219541	0.00049129814	0.57613249	0.00054192189
0.9891196834817014	1.2503999999999562	1.5325073	0.00042830644	0.58432123	0.00047002598000000004
0.9891196834817014	1.2805999999999562	1.5425786	0.00042371702	0.59208529	0.00046177309000000003
0.9891196834817014	1.3107999999999562	1.552311	0.00043611233	0.59958399	0.00047326707
0.9891196834817014	1.3409999999999562	1.5624894	0.00044761856	0.60766523	0.00048366241
0.9891196834817014	1.3711999999999562	1.5727537999999999	0.00042413483000000005	0.61592957	0.00045531385
0.9891196834817014	1.4013999999999562	1.5825043	0.00041168011	0.62372908	0.00044034301
0.9891196834817014	1.4315999999999562	1.5920841	0.00037303832	0.63143277	0.00039763789
0.9891196834817014	1.4617999999999562	1.6017533	0.00059605453	0.63931778	0.00063318155
0.9891196834817014	1.4919999999999563	1.6095369000000002	0.00057194335	0.6452833	0.00060572094
0.9891196834817014	1.5221999999999563	1.618986	0.00059760946	0.65309836	0.0006293733
0.9891196834817014	1.5523999999999563	1.6285847	0.00071354774	0.66114229	0.0007502998600000001
0.9891196834817014	1.5825999999999563	1.6372893999999998	0.000351138	0.66831571	0.00036877999
0.9891196834817014	1.6127999999999563	1.6448766000000001	0.00032471683	0.67439427	0.00033975625999999997
0.9891196834817014	1.6429999999999563	1.6536083	0.00047748012	0.68174173	0.00049732439
0.9891196834817014	1.6731999999999563	1.662321	0.00046268202000000004	0.68913002	0.00048099058
0.9891196834817014	1.7033999999999563	1.6697980000000001	0.00027182222	0.69529962	0.00028182812000000003
0.9891196834817014	1.7335999999999563	1.6784420999999998	0.00030115912	0.7027416	0.00031195072
0.9891196834817014	1.7637999999999563	1.6860960999999999	0.00060838512	0.70921467	0.0006287615100000001
0.9891196834817014	1.7939999999999563	1.6938315000000002	0.00059556382	0.71582811	0.00061405845
0.9891196834817014	1.8241999999999563	1.7011577	0.00030842566	0.72207372	0.00031782633
0.9891196834817014	1.8543999999999563	1.7085867	0.00032761696000000004	0.7284796	0.0003367404
0.9891196834817014	1.8845999999999563	1.7156015	0.00025476937	0.73450819	0.00026121908
0.9891196834817014	1.9147999999999563	1.7230330999999999	0.00065152921	0.74101272	0.00066797286
0.9891196834817014	1.9449999999999563	1.7293295	0.00025823866	0.74640181	0.00026400216999999997
0.9891196834817014	1.9751999999999563	1.7358533	0.00033375252	0.75206807	0.00034062956
0.9891196834817014	2.0053999999999563	1.7427040999999999	0.00029592789000000005	0.75811081	0.00030175669
0.8992805755395684	-8.021	0.0016040643	4.6599581e-6	5.8698311e-7	3.8762824000000005e-11
0.8992805755395684	-7.990800000000001	0.0016494213	4.9312610000000005e-6	6.197277e-7	4.4821914000000006e-11
0.8992805755395684	-7.960600000000001	0.0016950641999999999	5.0490096e-6	6.5428794e-7	4.7662148e-11
0.8992805755395684	-7.9304000000000014	0.001741682	5.187481000000001e-6	6.9077459e-7	5.0219213e-11
0.8992805755395684	-7.900200000000002	0.0017895806	5.329735000000001e-6	7.292949199999999e-7	5.2910284e-11
0.8992805755395684	-7.870000000000002	0.001838795	5.4758741e-6	7.699622e-7	5.5742108e-11
0.8992805755395684	-7.839800000000002	0.0018896179	5.5517321000000005e-6	8.1289831e-7	5.8532889e-11
0.8992805755395684	-7.809600000000002	0.0019415803000000001	5.7039251000000006e-6	8.582249699999999e-7	6.165891300000001e-11
0.8992805755395684	-7.7794000000000025	0.0019949698	5.8602720000000005e-6	9.060776e-7	6.4947517e-11
0.8992805755395684	-7.749200000000003	0.0020496211	6.0875092e-6	9.5659377e-7	6.8060684e-11
0.8992805755395684	-7.719000000000003	0.0021059778	6.2543293e-6	1.009928e-6	7.1678174e-11
0.8992805755395684	-7.688800000000003	0.0021634793	6.172272100000001e-6	1.0662264000000001e-6	7.4958187e-11
0.8992805755395684	-7.658600000000003	0.00222337	6.275419800000001e-6	1.1256754e-6	7.6827395e-11
0.8992805755395684	-7.628400000000004	0.0022843598	6.5116572e-6	1.188428e-6	8.299762200000001e-11
0.8992805755395684	-7.598200000000004	0.0023471620000000003	6.6900150000000005e-6	1.2546792000000002e-6	8.7388044e-11
0.8992805755395684	-7.568000000000004	0.0024116884	6.8732324e-6	1.3246212e-6	9.2003115e-11
0.8992805755395684	-7.537800000000004	0.0024779861	7.061440400000001e-6	1.3984595e-6	9.6853659e-11
0.8992805755395684	-7.5076000000000045	0.0025461035	7.2547733000000005e-6	1.4764108000000002e-6	1.0195096e-10
0.8992805755395684	-7.477400000000005	0.0026153546	7.470169300000001e-6	1.5586926000000003e-6	1.07265e-10
0.8992805755395684	-7.447200000000005	0.0026867648	7.8661899e-6	1.6455681e-6	1.1534837000000001e-10
0.8992805755395684	-7.417000000000005	0.0027606121	8.0814564e-6	1.7372826e-6	1.2137968000000002e-10
0.8992805755395684	-7.386800000000005	0.0028366202000000003	8.407750100000001e-6	1.8341053000000001e-6	1.2347148e-10
0.8992805755395684	-7.356600000000006	0.0029146345000000003	8.6255754e-6	1.9363158e-6	1.320692e-10
0.8992805755395684	-7.326400000000006	0.002994077	8.668665500000001e-6	2.0442108e-6	1.324421e-10
0.8992805755395684	-7.296200000000006	0.0030763856000000003	9.100573300000002e-6	2.1581224e-6	1.4192982000000002e-10
0.8992805755395684	-7.266000000000006	0.0031610241	9.0750528e-6	2.2783806000000004e-6	1.4619608e-10
0.8992805755395684	-7.2358000000000064	0.0032474776	9.3924836e-6	2.4053350000000004e-6	1.5303799e-10
0.8992805755395684	-7.205600000000007	0.003336709	9.562080600000001e-6	2.5393463000000002e-6	1.5870663e-10
0.8992805755395684	-7.175400000000007	0.0034282479	9.6431786e-6	2.6808206000000004e-6	1.5992867e-10
0.8992805755395684	-7.145200000000007	0.0035225772	9.8013192e-6	2.8301737000000003e-6	1.6757619000000002e-10
0.8992805755395684	-7.115000000000007	0.0036193484	0.000010069042000000001	2.987837e-6	1.7607462e-10
0.8992805755395684	-7.0848000000000075	0.0037188471	0.000010922195	3.1542948000000002e-6	1.9458059e-10
0.8992805755395684	-7.054600000000008	0.0038210423	0.000010929389	3.3299992000000004e-6	1.8599175e-10
0.8992805755395684	-7.024400000000008	0.0039259939	0.000011227704	3.5154756e-6	1.9526773e-10
0.8992805755395684	-6.994200000000008	0.0040340439	0.00001155682	3.7112555000000007e-6	1.958592e-10
0.8992805755395684	-6.964000000000008	0.0041445327	0.000011426059	3.9179344000000005e-6	1.8891256000000003e-10
0.8992805755395684	-6.933800000000009	0.0042586117000000005	0.000012198042	4.1361343000000004e-6	1.9777479000000002e-10
0.8992805755395684	-6.903600000000009	0.0043755508	0.000012530661000000002	4.3664545e-6	2.0727775000000001e-10
0.8992805755395684	-6.873400000000009	0.0044967777	0.000013390702	4.6096119e-6	2.0741081000000003e-10
0.8992805755395684	-6.843200000000009	0.0046210672000000005	0.000014827118000000002	4.866349e-6	2.4910331e-10
0.8992805755395684	-6.8130000000000095	0.0047474539	0.000015187094000000001	5.137276e-6	2.5013744e-10
0.8992805755395684	-6.78280000000001	0.0048794954	0.000016042462	5.423295700000001e-6	2.7344949e-10
0.8992805755395684	-6.75260000000001	0.005013981400000001	0.000016745372	5.7251989000000005e-6	2.8304316000000005e-10
0.8992805755395684	-6.72240000000001	0.005151591800000001	0.000017193308	6.043847200000001e-6	2.9001453000000003e-10
0.8992805755395684	-6.69220000000001	0.0052921443	0.000017762314000000003	6.3802284e-6	3.0514390000000005e-10
0.8992805755395684	-6.662000000000011	0.0054373722	0.000018245403	6.735303500000001e-6	3.1858129000000006e-10
0.8992805755395684	-6.631800000000011	0.0055865723	0.000018741465	7.110108500000001e-6	3.3246850000000003e-10
0.8992805755395684	-6.601600000000011	0.0057385475	0.000019636188	7.5056689e-6	3.5830606e-10
0.8992805755395684	-6.571400000000011	0.0058978712	0.000019536134	7.923349400000001e-6	3.7793514e-10
0.8992805755395684	-6.5412000000000114	0.006060604200000001	0.000019891154	8.364176200000001e-6	3.9815726000000004e-10
0.8992805755395684	-6.511000000000012	0.0062261491999999995	0.00002006464	8.8295266e-6	3.9772703e-10
0.8992805755395684	-6.480800000000012	0.0063951054	0.00002111849	9.3205924e-6	4.3458945000000003e-10
0.8992805755395684	-6.450600000000012	0.0065715223	0.000021381037000000002	9.839037700000001e-6	4.7167281e-10
0.8992805755395684	-6.420400000000012	0.006752633700000001	0.00002254851	0.000010386265	4.8913745e-10
0.8992805755395684	-6.3902000000000125	0.006935434900000001	0.000022815061	0.000010963732	5.0224221e-10
0.8992805755395684	-6.360000000000013	0.007128828	0.000020523495	0.000011573174	5.2542418e-10
0.8992805755395684	-6.329800000000013	0.0073262746	0.000021142654	0.000012216674	5.6060599e-10
0.8992805755395684	-6.299600000000013	0.007524836000000001	0.000022691626000000003	0.000012895704	5.754928400000001e-10
0.8992805755395684	-6.269400000000013	0.007733694300000001	0.000022451138000000003	0.000013612588000000001	6.0114693e-10
0.8992805755395684	-6.239200000000014	0.0079460876	0.000022025697	0.000014369117000000001	6.1131149e-10
0.8992805755395684	-6.209000000000014	0.0081622072	0.000021786339	0.000015167539	6.0531432e-10
0.8992805755395684	-6.178800000000014	0.0083848785	0.000023517237	0.00001601029	6.464957900000001e-10
0.8992805755395684	-6.148600000000014	0.0086144931	0.000024990283	0.000016899745	6.859397100000001e-10
0.8992805755395684	-6.1184000000000145	0.0088545724	0.000026359761999999997	0.000017838652	7.429264300000001e-10
0.8992805755395684	-6.088200000000015	0.0090963526	0.000026503208000000003	0.000018829454	7.095022000000001e-10
0.8992805755395684	-6.058000000000015	0.0093452137	0.000025764526	0.000019875317000000002	7.8747849e-10
0.8992805755395684	-6.027800000000015	0.0095974002	0.000026712690000000002	0.000020978756000000003	6.484307900000001e-10
0.8992805755395684	-5.997600000000015	0.0098613941	0.000027418146	0.00002214352	6.3342758e-10
0.8992805755395684	-5.967400000000016	0.010131831	0.000028227708000000003	0.000023372772	6.5785681e-10
0.8992805755395684	-5.937200000000016	0.010405869	0.000028744964	0.000024669813	6.6071644e-10
0.8992805755395684	-5.907000000000016	0.010691756	0.000028693749000000003	0.000026039049	7.1502131e-10
0.8992805755395684	-5.876800000000016	0.010985566	0.000029402744	0.000027483828	8.230175400000001e-10
0.8992805755395684	-5.8466000000000165	0.011283032	0.000030494435	0.000029008637	1.1499821e-9
0.8992805755395684	-5.816400000000017	0.011590223	0.000031931659000000006	0.000030617519	1.1297156e-9
0.8992805755395684	-5.786200000000017	0.011910278000000002	0.000033910288	0.00003231543	1.4494215e-9
0.8992805755395684	-5.756000000000017	0.012235574	0.000035252421	0.000034107276	1.4500597000000002e-9
0.8992805755395684	-5.725800000000017	0.012568784999999999	0.000035241537	0.000035997856	1.3704571e-9
0.8992805755395684	-5.6956000000000175	0.012913757000000001	0.000036921633	0.000037992789	1.3821512e-9
0.8992805755395684	-5.665400000000018	0.013263333	0.000038653593000000006	0.000040097705	1.5675355e-9
0.8992805755395684	-5.635200000000018	0.013618631	0.000038952158	0.000042319032	1.7549874e-9
0.8992805755395684	-5.605000000000018	0.013992766000000002	0.000039695277	0.000044663289	1.6946935e-9
0.8992805755395684	-5.574800000000018	0.014373322000000001	0.000042864962	0.000047136657	1.8076883999999999e-9
0.8992805755395684	-5.544600000000019	0.014767420000000002	0.000043604285	0.00004974682100000001	1.4474546e-9
0.8992805755395684	-5.514400000000019	0.015166632999999999	0.000045294461000000005	0.000052500435999999995	1.5469143e-9
0.8992805755395684	-5.484200000000019	0.015579892000000001	0.000050847226	0.000055406164999999996	1.4747952e-9
0.8992805755395684	-5.454000000000019	0.015996751	0.000055893231	0.000058470698000000004	1.6412475000000001e-9
0.8992805755395684	-5.4238000000000195	0.016439603	0.000056325599000000006	0.000061704753	1.9225591e-9
0.8992805755395684	-5.39360000000002	0.016890642	0.000052500196	0.000065118168	2.0291354e-9
0.8992805755395684	-5.36340000000002	0.01734684	0.000055421559	0.00006871818800000001	2.2688589e-9
0.8992805755395684	-5.33320000000002	0.017838143	0.000049187679000000006	0.000072518413	2.2229952e-9
0.8992805755395684	-5.30300000000002	0.018332001	0.000049538343000000004	0.00007652469	2.1930719000000004e-9
0.8992805755395684	-5.272800000000021	0.018821625	0.00004515272000000001	0.00008075248900000001	2.0457633e-9
0.8992805755395684	-5.242600000000021	0.019325002	0.000040176602	0.00008521203000000001	2.0459519e-9
0.8992805755395684	-5.212400000000021	0.019843595000000002	0.000036462701	0.000089917002	2.4881387e-9
0.8992805755395684	-5.182200000000021	0.020371886000000002	0.000039514610000000004	0.000094879684	3.4000254e-9
0.8992805755395684	-5.1520000000000215	0.020925614000000002	0.000040442831	0.00010011573	4.1564043e-9
0.8992805755395684	-5.121800000000022	0.021500575	0.000044596202000000004	0.00010563833	4.4220533e-9
0.8992805755395684	-5.091600000000022	0.022095577	0.00004580502	0.00011146339	4.708498e-9
0.8992805755395684	-5.061400000000022	0.022699319000000003	0.000046625774	0.00011760827000000001	5.075443e-9
0.8992805755395684	-5.031200000000022	0.023291718000000003	0.000052379058	0.00012408762	2.6023279e-9
0.8992805755395684	-5.0010000000000225	0.023912784000000003	0.000052132438000000007	0.00013092371	2.834976e-9
0.8992805755395684	-4.970800000000023	0.024558694000000002	0.000062406772	0.00013813275999999998	4.325276e-9
0.8992805755395684	-4.940600000000023	0.025230003	0.000047285003	0.00014573641	4.4826681000000004e-9
0.8992805755395684	-4.910400000000023	0.025905974999999998	0.000051221339000000004	0.00015375342	5.2903022e-9
0.8992805755395684	-4.880200000000023	0.026605555	0.000056764676	0.00016221163999999999	4.8697346000000005e-9
0.8992805755395684	-4.850000000000024	0.027334876000000004	0.000061738246	0.00017113373000000003	5.3905133000000005e-9
0.8992805755395684	-4.819800000000024	0.028083081	0.000070310618	0.00018054273000000002	4.704876e-9
0.8992805755395684	-4.789600000000024	0.028796512000000003	0.000078237821	0.000190454	6.402319600000001e-9
0.8992805755395684	-4.759400000000024	0.029554995	0.000078509017	0.00020091257000000003	7.453508599999999e-9
0.8992805755395684	-4.7292000000000245	0.030381019	0.000074881656	0.00021193977	6.7353051e-9
0.8992805755395684	-4.699000000000025	0.031203524	0.00008080703900000001	0.00022356886	7.2975769e-9
0.8992805755395684	-4.668800000000025	0.032062489	0.00008772883700000001	0.00023583525	7.2684637e-9
0.8992805755395684	-4.638600000000025	0.032907496	0.00010014357999999999	0.00024876509	7.1577929e-9
0.8992805755395684	-4.608400000000025	0.033817538	0.00009462662800000001	0.00026239005	7.1543011e-9
0.8992805755395684	-4.578200000000026	0.034757778	0.000089067198	0.00027675663	9.6530768e-9
0.8992805755395684	-4.548000000000026	0.035646397	0.00009567896700000001	0.00029190854	1.1977778e-8
0.8992805755395684	-4.517800000000026	0.036578051	0.000075164274	0.00030788555	5.1244734000000004e-9
0.8992805755395684	-4.487600000000026	0.037531849000000006	0.0000684863	0.00032472666	9.1197691e-9
0.8992805755395684	-4.4574000000000265	0.038596852	0.000075010477	0.00034246425000000004	8.3438299e-9
0.8992805755395684	-4.427200000000027	0.03960032	0.00009237252700000001	0.00036115437	1.4795643e-8
0.8992805755395684	-4.397000000000027	0.040667494	0.000076627337	0.00038087722000000005	8.8627222e-9
0.8992805755395684	-4.366800000000027	0.041720610000000005	0.000074116027	0.00040165900999999997	1.546068e-8
0.8992805755395684	-4.336600000000027	0.042856160000000004	0.00006339606800000001	0.00042355162	1.4751174e-8
0.8992805755395684	-4.3064000000000275	0.043976031	0.000063419877	0.00044662321	1.8799434999999998e-8
0.8992805755395684	-4.276200000000028	0.045216585000000004	0.000096722647	0.00047091781	2.5214261999999997e-8
0.8992805755395684	-4.246000000000028	0.046427118	0.000099211118	0.0004965382	3.3629137e-8
0.8992805755395684	-4.215800000000028	0.047641812000000006	0.000083845273	0.00052353456	3.0512157e-8
0.8992805755395684	-4.185600000000028	0.04890001	0.000083176754	0.00055200645	3.144541e-8
0.8992805755395684	-4.155400000000029	0.050287434	0.00013414618	0.00058195734	5.4089063999999996e-8
0.8992805755395684	-4.125200000000029	0.051605490000000004	0.00016477886	0.00061352903	6.7784139e-8
0.8992805755395684	-4.095000000000029	0.052954031000000006	0.00017253723	0.00064680169	7.6499173e-8
0.8992805755395684	-4.064800000000029	0.054413534	0.00014530965000000002	0.00068181236	6.4485646e-8
0.8992805755395684	-4.0346000000000295	0.055883887	0.00016281627	0.00071870295	8.1716845e-8
0.8992805755395684	-4.00440000000003	0.05733501800000001	0.00017667921	0.0007575707000000001	1.0440320999999999e-7
0.8992805755395684	-3.97420000000003	0.058946979000000004	0.00017189639	0.00079846766	1.0382603e-7
0.8992805755395684	-3.94400000000003	0.060486807000000004	0.00016866745	0.0008415979300000001	9.8872934e-8
0.8992805755395684	-3.9138000000000304	0.062078017	0.00017094524	0.00088697452	1.0866686e-7
0.8992805755395684	-3.8836000000000306	0.063859824	0.00020313968	0.0009346807700000001	1.3645527e-7
0.8992805755395684	-3.853400000000031	0.06548066200000001	0.00017754145	0.00098503348	1.3135303e-7
0.8992805755395684	-3.823200000000031	0.067241907	0.00017929516	0.0010380034000000002	1.4161600999999997e-7
0.8992805755395684	-3.7930000000000312	0.069030984	0.00018139062	0.001093736	1.5877358999999998e-7
0.8992805755395684	-3.7628000000000315	0.070804343	0.00021907597000000003	0.0011524562	1.8537488e-7
0.8992805755395684	-3.7326000000000317	0.07249826499999999	0.00024609022999999997	0.0012143703	2.1833369e-7
0.8992805755395684	-3.702400000000032	0.07445753100000001	0.00017924642	0.0012793563	1.5820316999999999e-7
0.8992805755395684	-3.672200000000032	0.076474255	0.00017578096000000001	0.001347723	1.6103525e-7
0.8992805755395684	-3.6420000000000323	0.078626685	0.00023248968	0.0014195998000000002	2.5085607e-7
0.8992805755395684	-3.6118000000000325	0.080656142	0.00024896006000000003	0.0014954464	2.927886e-7
0.8992805755395684	-3.5816000000000328	0.082711537	0.00025652852	0.0015752001	3.0870745999999996e-7
0.8992805755395684	-3.551400000000033	0.08487486	0.00031304995000000003	0.0016591083000000002	4.1145333e-7
0.8992805755395684	-3.521200000000033	0.087042114	0.00026511337	0.0017474042000000002	3.810856e-7
0.8992805755395684	-3.4910000000000334	0.08942065300000002	0.00020655018	0.0018399472	3.5116824e-7
0.8992805755395684	-3.4608000000000336	0.091675294	0.00016283066	0.0019377013000000001	2.6566891e-7
0.8992805755395684	-3.430600000000034	0.09396938	0.00008591576	0.0020405075	1.5908959999999998e-7
0.8992805755395684	-3.400400000000034	0.09603599900000001	0.00017681834	0.0021491413000000003	3.9916172999999996e-7
0.8992805755395684	-3.3702000000000343	0.098916768	0.00011529117	0.0022618399	2.3885906999999997e-7
0.8992805755395684	-3.3400000000000345	0.10130619	0.00016239748	0.0023815869	3.8655054999999996e-7
0.8992805755395684	-3.3098000000000347	0.10393652	0.00014989343999999999	0.0025069652	4.0429396e-7
0.8992805755395684	-3.279600000000035	0.10655715	0.00017710207	0.0026388864	5.3833644e-7
0.8992805755395684	-3.249400000000035	0.10945863	0.00022124199	0.0027769721000000004	6.5570783e-7
0.8992805755395684	-3.2192000000000354	0.11230083	0.00024743724	0.002922469	7.6055274e-7
0.8992805755395684	-3.1890000000000356	0.11514555	0.00017612533	0.0030756128	6.5049261e-7
0.8992805755395684	-3.158800000000036	0.11823694	0.00012263971	0.0032357466	4.1802951999999994e-7
0.8992805755395684	-3.128600000000036	0.12110843	0.00017134619	0.0034050866	6.6749608e-7
0.8992805755395684	-3.0984000000000362	0.12424639	0.00017980547999999998	0.0035822092	7.0687689e-7
0.8992805755395684	-3.0682000000000365	0.1275021	0.00026619706	0.0037680621	1.0321888e-6
0.8992805755395684	-3.0380000000000367	0.13053975	0.00023265137	0.0039643456	9.441988399999999e-7
0.8992805755395684	-3.007800000000037	0.13406617	0.00027718998	0.0041687367	1.0689099000000002e-6
0.8992805755395684	-2.977600000000037	0.13769689	0.00026971425	0.0043830456000000005	1.0735582000000002e-6
0.8992805755395684	-2.9474000000000373	0.14104906	0.00019296833	0.0046096237	9.8836049e-7
0.8992805755395684	-2.9172000000000375	0.14443991	0.00025702203	0.004847732	1.3080775000000001e-6
0.8992805755395684	-2.8870000000000378	0.14818612	0.00034935443	0.0050963143	1.8991975000000002e-6
0.8992805755395684	-2.856800000000038	0.15171982	0.00017877472	0.0053583062	1.1763991000000002e-6
0.8992805755395684	-2.826600000000038	0.15580265	0.00009824539100000002	0.0056305262	6.733516000000001e-7
0.8992805755395684	-2.7964000000000384	0.15954456	0.00019424884	0.0059186459	1.3181912000000002e-6
0.8992805755395684	-2.7662000000000386	0.16357047	0.00015931818	0.0062195059	1.1829303e-6
0.8992805755395684	-2.736000000000039	0.16768754	0.00038907948999999996	0.0065349662	2.7454269e-6
0.8992805755395684	-2.705800000000039	0.17181287	0.00023949503	0.0068659449	1.792617e-6
0.8992805755395684	-2.6756000000000393	0.17620598	0.00037777622	0.0072116437	3.0821105e-6
0.8992805755395684	-2.6454000000000395	0.18035492	0.0003201974	0.007576897	2.7539935e-6
0.8992805755395684	-2.6152000000000397	0.1850501	0.00037596686	0.0079555453	3.4270985000000003e-6
0.8992805755395684	-2.58500000000004	0.18937083	0.00021484323	0.0083565406	1.8629355000000002e-6
0.8992805755395684	-2.55480000000004	0.19411215	0.00018661405	0.0087730736	1.9484114e-6
0.8992805755395684	-2.5246000000000404	0.19874544	0.00040381048000000003	0.0092115749	4.4661765e-6
0.8992805755395684	-2.4944000000000406	0.2033726	0.00044367262	0.009671850899999999	5.154135300000001e-6
0.8992805755395684	-2.464200000000041	0.2083308	0.00055487467	0.010150814000000001	6.7996484e-6
0.8992805755395684	-2.434000000000041	0.21313407	0.00041005459	0.010655836000000002	5.2658173e-6
0.8992805755395684	-2.4038000000000412	0.21886742	0.00024145129	0.011172747	3.1205929000000003e-6
0.8992805755395684	-2.3736000000000415	0.22488196	0.00046278747	0.011709733	6.8852076e-6
0.8992805755395684	-2.3434000000000417	0.22902	0.0005185613000000001	0.012302237	7.790993300000001e-6
0.8992805755395684	-2.313200000000042	0.23467336	0.00025840496	0.012898867000000001	3.9652276e-6
0.8992805755395684	-2.283000000000042	0.24003547	0.00052310908	0.013530024	9.134153500000001e-6
0.8992805755395684	-2.2528000000000423	0.24646579	0.00033109346000000003	0.014172569	6.231252400000001e-6
0.8992805755395684	-2.2226000000000425	0.25174305	0.000429306	0.014866433000000002	8.5968167e-6
0.8992805755395684	-2.1924000000000428	0.2581225	0.00037507835	0.015572700000000002	7.518388600000001e-6
0.8992805755395684	-2.162200000000043	0.26442664	0.0006060039900000001	0.016313361000000002	0.000013317183
0.8992805755395684	-2.132000000000043	0.27004356	0.00046504242000000004	0.017104627	0.000010188688
0.8992805755395684	-2.1018000000000434	0.27596637	0.00046846499000000003	0.017926311	0.000011642084000000001
0.8992805755395684	-2.0716000000000436	0.28245312	0.00044572451	0.018773373	0.000011856372
0.8992805755395684	-2.041400000000044	0.28926133	0.00041537554	0.019651657000000003	0.000011058179000000001
0.8992805755395684	-2.011200000000044	0.29600718	0.00025519925	0.020572473	7.345216000000001e-6
0.8992805755395684	-1.981000000000044	0.3023683	0.00024026463000000002	0.021547413	7.632746400000001e-6
0.8992805755395684	-1.950800000000044	0.30906373	0.00031495880999999996	0.022557851000000004	0.000010453430000000001
0.8992805755395684	-1.920600000000044	0.3163999	0.00021354666	0.023593295	7.174690500000001e-6
0.8992805755395684	-1.890400000000044	0.32299261	0.00035475472000000004	0.02470348	0.000013132679
0.8992805755395684	-1.860200000000044	0.33050041	0.00028542642000000003	0.025832646	0.000010752909
0.8992805755395684	-1.830000000000044	0.33804507	0.0005837365700000001	0.02700741	0.000024065688
0.8992805755395684	-1.799800000000044	0.34588412	0.00034750494	0.028224366	0.000015239682
0.8992805755395684	-1.769600000000044	0.35377877	0.00046593283000000006	0.029492988999999997	0.000021289125
0.8992805755395684	-1.739400000000044	0.36104804	0.00025984437	0.030848301	0.000012046688
0.8992805755395684	-1.709200000000044	0.36899107	0.00037844803	0.032229190000000005	0.000018697248
0.8992805755395684	-1.679000000000044	0.37757709	0.00038628919	0.033636996	0.000020873086
0.8992805755395684	-1.648800000000044	0.38515612	0.00031600949	0.035166090000000004	0.000017703329000000003
0.8992805755395684	-1.618600000000044	0.39379226	0.00038064951	0.036698213	0.000022811203
0.8992805755395684	-1.588400000000044	0.40168965	0.0002165841	0.038342562000000004	0.000013683966
0.8992805755395684	-1.558200000000044	0.41043449	0.00032559081	0.040005367	0.000022375501000000002
0.8992805755395684	-1.528000000000044	0.41884818	0.00049706915	0.041765544	0.000036118638
0.8992805755395684	-1.497800000000044	0.42819933	0.00042990451	0.043527761	0.000031895215
0.8992805755395684	-1.467600000000044	0.43744254	0.0005143099	0.045371605	0.000041312686000000003
0.8992805755395684	-1.437400000000044	0.44656225	0.00056278852	0.047303148	0.000047885644
0.8992805755395684	-1.407200000000044	0.45519691	0.00029810365	0.049359832	0.000026789579000000004
0.8992805755395684	-1.377000000000044	0.46425825	0.0003845616	0.05146848600000001	0.000036423745000000005
0.8992805755395684	-1.346800000000044	0.47416836	0.00041418328	0.053580209000000004	0.000041557042000000004
0.8992805755395684	-1.316600000000044	0.4834736	0.00028131409000000003	0.055841549000000004	0.000029781200000000002
0.8992805755395684	-1.286400000000044	0.49385441	0.00031366084	0.058072052	0.000035285305
0.8992805755395684	-1.256200000000044	0.50382545	0.00047144537	0.060440772000000004	0.000056858844
0.8992805755395684	-1.226000000000044	0.51340547	0.00029753677	0.06295553400000001	0.000038151031000000006
0.8992805755395684	-1.195800000000044	0.52373916	0.00031667526000000003	0.065469687	0.000043508869
0.8992805755395684	-1.165600000000044	0.53388205	0.00056937661	0.068112145	0.000082973367
0.8992805755395684	-1.135400000000044	0.54432957	0.00021976785	0.070813571	0.000033985367
0.8992805755395684	-1.105200000000044	0.55483955	0.00042485678	0.07360936900000001	0.000070532154
0.8992805755395684	-1.075000000000044	0.56538597	0.00047673044	0.07650675000000001	0.000084644059
0.8992805755395684	-1.044800000000044	0.5759467	0.000329749	0.079517291	0.000062918558
0.8992805755395684	-1.014600000000044	0.58693722	0.0004050465	0.08255999600000001	0.000081390073
0.8992805755395684	-0.9844000000000439	0.59819302	0.00054003154	0.085661649	0.00011502768
0.8992805755395684	-0.9542000000000439	0.60957727	0.00048871353	0.08884317600000001	0.00011073819000000001
0.8992805755395684	-0.9240000000000439	0.62096742	0.00071917557	0.09213404400000001	0.00017604566999999998
0.8992805755395684	-0.8938000000000439	0.63141682	0.0005412276400000001	0.095788914	0.0001421029
0.8992805755395684	-0.8636000000000439	0.64251272	0.00018945132	0.09942231600000001	0.000051570808999999996
0.8992805755395684	-0.8334000000000439	0.65392099	0.00055061407	0.10310562	0.00016499675
0.8992805755395684	-0.8032000000000439	0.66588589	0.00039828839	0.10674382	0.00012756049
0.8992805755395684	-0.7730000000000439	0.67753914	0.00035010019999999996	0.1106067	0.00012097958000000001
0.8992805755395684	-0.7428000000000439	0.68957123	0.00047464788000000003	0.11447059	0.00017619041999999998
0.8992805755395684	-0.7126000000000439	0.70106727	0.00028768266999999997	0.11867886	0.00011623438
0.8992805755395684	-0.6824000000000439	0.71323065	0.00012241813	0.12276037	0.000052815128000000005
0.8992805755395684	-0.6522000000000439	0.72496086	0.00015010456	0.12717903	0.000070045481
0.8992805755395684	-0.6220000000000439	0.73710839	0.00010695944000000001	0.13155846	0.000055229913
0.8992805755395684	-0.5918000000000438	0.7493491	0.00011636259000000001	0.13603819	0.00006552168
0.8992805755395684	-0.5616000000000438	0.76143717	0.00006500896100000001	0.14075691	0.000039300584000000004
0.8992805755395684	-0.5314000000000438	0.77420949	0.00017772894	0.14521243	0.00011424847000000001
0.8992805755395684	-0.5012000000000438	0.78674065	0.00024388142	0.14995079	0.00017345031
0.8992805755395684	-0.47100000000004383	0.79901778	0.00019508229999999998	0.15503218	0.00015200484
0.8992805755395684	-0.4408000000000438	0.81169359	0.00021358561000000002	0.15997191	0.00018107408000000001
0.8992805755395684	-0.4106000000000438	0.82427731	0.00027146696999999997	0.16514059	0.00025526226
0.8992805755395684	-0.3804000000000438	0.83710135	0.00024808122	0.1702386	0.00025983008
0.8992805755395684	-0.3502000000000438	0.84969412	0.00023924096	0.17573817	0.00028296787
0.8992805755395684	-0.3200000000000438	0.86254231	0.00020643618	0.18111073	0.00027481951999999997
0.8992805755395684	-0.2898000000000438	0.87540152	0.00017787815000000002	0.18661385	0.00026968332
0.8992805755395684	-0.2596000000000438	0.88826968	0.00012847125000000001	0.1922707	0.00022256623
0.8992805755395684	-0.2294000000000438	0.90110602	0.0001085582	0.19817005	0.00021927591
0.8992805755395684	-0.1992000000000438	0.91408605	0.00012279722	0.203958	0.00029361953
0.8992805755395684	-0.16900000000004378	0.92703744	0.000079605799	0.20998269	0.00022911802
0.8992805755395684	-0.13880000000004378	0.94003387	0.000072449727	0.21606704	0.00026122579
0.8992805755395684	-0.10860000000004377	0.95307247	0.00006153859	0.22216135	0.00029184486999999997
0.8992805755395684	-0.07840000000004377	0.96612575	0.000045696464999999996	0.22830523	0.00030826764
0.8992805755395684	-0.04820000000004376	0.97919301	0.000016605474	0.23437529	0.00018845872000000001
0.8992805755395684	-0.018000000000043762	0.99223255	7.0145942e-6	0.24068083	0.00021908232
0.8992805755395684	0.012199999999956239	1.0052647000000001	4.7545253e-6	0.24718837	0.00022496581
0.8992805755395684	0.04239999999995624	1.0183022	0.000013630535	0.25388294	0.00019062618
0.8992805755395684	0.07259999999995624	1.0313699	0.000042324672	0.2608848	0.0003522728
0.8992805755395684	0.10279999999995625	1.0444261000000001	0.000062101518	0.26778731	0.00037515246
0.8992805755395684	0.13299999999995624	1.0574295	0.00005906074100000001	0.27453181	0.00028240739999999996
0.8992805755395684	0.16319999999995624	1.0704847000000002	0.00008769229300000001	0.28167728	0.00035049945
0.8992805755395684	0.19339999999995625	1.0834238	0.00011928493	0.28851727	0.00041464638
0.8992805755395684	0.22359999999995625	1.0963556	0.00013175749	0.29553022	0.00040649722
0.8992805755395684	0.2537999999999562	1.1092738	0.0001075351	0.30267705	0.00029945439
0.8992805755395684	0.28399999999995623	1.1221642	0.00016930944	0.30990997	0.00043206683000000004
0.8992805755395684	0.31419999999995624	1.1348795	0.00022684952	0.31688797	0.00053672721
0.8992805755395684	0.34439999999995624	1.1477916000000001	0.0002236196	0.32449107	0.00049366955
0.8992805755395684	0.37459999999995625	1.1607145	0.00020757364	0.33224424	0.00043146785
0.8992805755395684	0.40479999999995625	1.1733531	0.0003011598	0.33955066	0.0005917834800000001
0.8992805755395684	0.43499999999995625	1.1857852	0.00025808786000000003	0.34664403	0.00048212655999999997
0.8992805755395684	0.46519999999995626	1.1985295	0.0001703867	0.35448441	0.00030540075
0.8992805755395684	0.49539999999995626	1.2110385	0.00026678513	0.36204988	0.0004599553
0.8992805755395684	0.5255999999999562	1.2234096	0.00018905701	0.36953815	0.00031288514000000003
0.8992805755395684	0.5557999999999562	1.2362377	0.000083609052	0.3779195	0.00013448472
0.8992805755395684	0.5859999999999562	1.2482437	0.00012426111	0.38512675	0.00019401629000000001
0.8992805755395684	0.6161999999999562	1.2604821	0.00018902991	0.39285948	0.00028618980999999997
0.8992805755395684	0.6463999999999562	1.2727968	0.00012484948	0.40084993	0.00018390432
0.8992805755395684	0.6765999999999562	1.2845535	0.00011528393000000001	0.40816551	0.00016649777
0.8992805755395684	0.7067999999999562	1.2966782	0.00049208025	0.41616432	0.0006916549899999999
0.8992805755395684	0.7369999999999562	1.3086893	0.00027625178	0.42413371	0.00037993847
0.8992805755395684	0.7671999999999563	1.3201164	0.00044993398	0.43144429	0.00060897479
0.8992805755395684	0.7973999999999563	1.3317762	0.00040283373	0.4392194	0.0005341124
0.8992805755395684	0.8275999999999563	1.3437868	0.00051460386	0.4475824	0.00067117427
0.8992805755395684	0.8577999999999563	1.3552680000000001	0.00026806814000000003	0.45537882	0.00034327915
0.8992805755395684	0.8879999999999563	1.3661827000000002	0.0001454547	0.46258737	0.00018529597
0.8992805755395684	0.9181999999999563	1.3768835	0.00073265384	0.46967177	0.00091393455
0.8992805755395684	0.9483999999999563	1.3884538	0.00047912384000000003	0.47797134	0.00058948146
0.8992805755395684	0.9785999999999563	1.3999502	0.0005361854499999999	0.48628463	0.00065384822
0.8992805755395684	1.0087999999999562	1.4104663	0.00016803613	0.49352317	0.00020257343
0.8992805755395684	1.0389999999999562	1.4221982999999998	0.00030467944	0.50234079	0.00036386633
0.8992805755395684	1.0691999999999562	1.432755	0.00041000015000000004	0.50986101	0.0004843315
0.8992805755395684	1.0993999999999562	1.4432228999999999	0.00032024791	0.51739571	0.00037315327
0.8992805755395684	1.1295999999999562	1.4534645	0.00035726641999999997	0.52477694	0.00041347404
0.8992805755395684	1.1597999999999562	1.4643843	0.00033910505000000004	0.53304663	0.00038972665
0.8992805755395684	1.1899999999999562	1.4740979	0.00050469634	0.54003595	0.0005746884
0.8992805755395684	1.2201999999999562	1.4844467	0.00025684788	0.54785562	0.00028949856
0.8992805755395684	1.2503999999999562	1.4944793	0.00039471267999999996	0.55541313	0.00044297746
0.8992805755395684	1.2805999999999562	1.5044704	0.00022047748000000002	0.56301916	0.00024611265
0.8992805755395684	1.3107999999999562	1.5142723	0.00033431019	0.5705062	0.00037062813
0.8992805755395684	1.3409999999999562	1.5240582	0.00034910334	0.57806708	0.00038451832000000006
0.8992805755395684	1.3711999999999562	1.5334201	0.00028779982	0.58524815	0.00031572773
0.8992805755395684	1.4013999999999562	1.5432278	0.00058834402	0.5930011	0.00064316887
0.8992805755395684	1.4315999999999562	1.5517243	0.00073251051	0.59941252	0.0007959728000000001
0.8992805755395684	1.4617999999999562	1.5610104999999999	0.0005001232500000001	0.60676398	0.0005408243000000001
0.8992805755395684	1.4919999999999563	1.5700024000000001	0.0005882918000000001	0.61387687	0.00063245337
0.8992805755395684	1.5221999999999563	1.5792686	0.00054677734	0.62136031	0.0005867860000000001
0.8992805755395684	1.5523999999999563	1.587849	0.00061084216	0.62817988	0.00065260104
0.8992805755395684	1.5825999999999563	1.5968881	0.0002458181	0.63556118	0.00026172196
0.8992805755395684	1.6127999999999563	1.6048106	0.00016069035000000002	0.64182615	0.00017014117
0.8992805755395684	1.6429999999999563	1.6132183	0.00035751472	0.6486757	0.00037772573
0.8992805755395684	1.6731999999999563	1.620933	0.00031215681000000003	0.65485665	0.00032903991
0.8992805755395684	1.7033999999999563	1.6292956	0.00021733262	0.66178685	0.0002281134
0.8992805755395684	1.7335999999999563	1.6375688	0.00033225676999999997	0.66868462	0.00034771516
0.8992805755395684	1.7637999999999563	1.6449511	0.00046525117	0.67470578	0.00048664243000000004
0.8992805755395684	1.7939999999999563	1.6532393	0.00029214618	0.6817309	0.0003047915
0.8992805755395684	1.8241999999999563	1.6607712	0.00049296002	0.68802205	0.00051336572
0.8992805755395684	1.8543999999999563	1.6683402999999999	0.00025951458	0.69440424	0.00026982392
0.8992805755395684	1.8845999999999563	1.6753088999999999	0.00034382398	0.70021649	0.00035566111
0.8992805755395684	1.9147999999999563	1.6820484999999998	0.00040121141	0.70584178	0.00041565355999999997
0.8992805755395684	1.9449999999999563	1.6896473	0.00031656227999999996	0.71240424	0.0003264655
0.8992805755395684	1.9751999999999563	1.6962867000000001	0.00017886411	0.71802276	0.00018460032
0.8992805755395684	2.0053999999999563	1.7027086999999999	0.00020485947	0.7234632	0.00021073381999999998
0.8244023083264634	-8.021	0.0028944230999999997	7.612783600000001e-6	1.9236956e-6	9.8481736e-11
0.8244023083264634	-7.990800000000001	0.0029671231	7.9891992e-6	2.0217532e-6	1.0536539000000001e-10
0.8244023083264634	-7.960600000000001	0.0030419243	8.2915212e-6	2.1248030000000003e-6	1.0641415e-10
0.8244023083264634	-7.9304000000000014	0.0031184709	8.499141e-6	2.2331005000000004e-6	1.1135169000000001e-10
0.8244023083264634	-7.900200000000002	0.0031969962	8.699255e-6	2.3469096e-6	1.1852705e-10
0.8244023083264634	-7.870000000000002	0.0032767777	8.7234443e-6	2.4665079000000003e-6	1.1812676e-10
0.8244023083264634	-7.839800000000002	0.0033592532000000005	9.1378089e-6	2.5922039000000005e-6	1.2587286000000002e-10
0.8244023083264634	-7.809600000000002	0.0034438083	9.2338403e-6	2.7243063000000003e-6	1.3213912e-10
0.8244023083264634	-7.7794000000000025	0.0035301079	9.3897645e-6	2.8631299e-6	1.3438568000000003e-10
0.8244023083264634	-7.749200000000003	0.0036189135000000002	9.6246399e-6	3.0090189000000003e-6	1.4050768e-10
0.8244023083264634	-7.719000000000003	0.0037098150000000004	9.597080900000001e-6	3.1623264000000003e-6	1.3873239000000002e-10
0.8244023083264634	-7.688800000000003	0.0038031314	9.8370453e-6	3.3234448e-6	1.4498394000000003e-10
0.8244023083264634	-7.658600000000003	0.0038989362	9.9757643e-6	3.4927651000000003e-6	1.5114948e-10
0.8244023083264634	-7.628400000000004	0.0039969988	0.000010225094	3.6707005e-6	1.5791471000000002e-10
0.8244023083264634	-7.598200000000004	0.0040974069	0.000010796666000000002	3.8577137000000005e-6	1.668433e-10
0.8244023083264634	-7.568000000000004	0.004200692	0.000011045794	4.054219e-6	1.6433284000000003e-10
0.8244023083264634	-7.537800000000004	0.0043062301	0.0000114142	4.2607145e-6	1.716038e-10
0.8244023083264634	-7.5076000000000045	0.0044150049	0.000011755302	4.477725900000001e-6	1.7479795000000003e-10
0.8244023083264634	-7.477400000000005	0.0045257959	0.000011768084	4.7057634e-6	1.6637028000000002e-10
0.8244023083264634	-7.447200000000005	0.004639583500000001	0.000012218988	4.945418100000001e-6	1.688207e-10
0.8244023083264634	-7.417000000000005	0.0047562229	0.000012523863	5.1972538e-6	1.7581569e-10
0.8244023083264634	-7.386800000000005	0.0048765116	0.000013611331	5.4619246000000005e-6	1.7617434000000002e-10
0.8244023083264634	-7.356600000000006	0.0050002834	0.000014742849	5.7400986e-6	2.0788608e-10
0.8244023083264634	-7.326400000000006	0.0051254893	0.000015066245000000001	6.032344200000001e-6	2.0668974000000002e-10
0.8244023083264634	-7.296200000000006	0.0052560065	0.000015877747	6.339471000000001e-6	2.2448328000000002e-10
0.8244023083264634	-7.266000000000006	0.005388641800000001	0.00001653574	6.6621969000000005e-6	2.2965152e-10
0.8244023083264634	-7.2358000000000064	0.005524051800000001	0.000016947522	7.001315e-6	2.3833498e-10
0.8244023083264634	-7.205600000000007	0.0056620321	0.000017463336	7.3576479e-6	2.4293672e-10
0.8244023083264634	-7.175400000000007	0.005804289099999999	0.000017897958000000002	7.732108800000001e-6	2.5171891000000004e-10
0.8244023083264634	-7.145200000000007	0.0059501079	0.000018343251	8.125596500000001e-6	2.6067495e-10
0.8244023083264634	-7.115000000000007	0.0060995771	0.000018799472000000002	8.5390752e-6	2.6979324e-10
0.8244023083264634	-7.0848000000000075	0.0062514821	0.000019653371	8.973497900000001e-6	2.8918480000000006e-10
0.8244023083264634	-7.054600000000008	0.0064103788	0.000019508021	9.430113100000002e-6	3.0465014000000003e-10
0.8244023083264634	-7.024400000000008	0.0065723037	0.000019819751999999998	9.9098704e-6	3.1962312e-10
0.8244023083264634	-6.994200000000008	0.0067370868	0.000019703883	0.000010414006	3.2200621000000003e-10
0.8244023083264634	-6.964000000000008	0.006904006900000001	0.000020949387	0.000010943678	3.4228199e-10
0.8244023083264634	-6.933800000000009	0.0070783662	0.000021160806	0.000011500309	3.7161233e-10
0.8244023083264634	-6.903600000000009	0.0072571277	0.000021686655	0.000012085183	3.8943011000000004e-10
0.8244023083264634	-6.873400000000009	0.007437776900000001	0.000022304656000000003	0.000012699675999999999	3.8254002e-10
0.8244023083264634	-6.843200000000009	0.0076234663	0.000023040197000000002	0.000013345352999999999	3.9946393000000007e-10
0.8244023083264634	-6.8130000000000095	0.007819503799999999	0.000020902629	0.000014023703000000003	4.4270812e-10
0.8244023083264634	-6.78280000000001	0.0080150802	0.000021015667	0.000014736597000000002	4.2695178000000003e-10
0.8244023083264634	-6.75260000000001	0.008216122900000001	0.000022826004000000002	0.00001548561	4.4913526e-10
0.8244023083264634	-6.72240000000001	0.0084238607	0.000022465253	0.000016272669000000003	4.7166225e-10
0.8244023083264634	-6.69220000000001	0.008635637900000001	0.000021989898	0.000017099579	4.794543700000001e-10
0.8244023083264634	-6.662000000000011	0.0088506511	0.000021697614000000002	0.000017968364	4.7098309e-10
0.8244023083264634	-6.631800000000011	0.0090707733	0.000023178911	0.000018881215000000002	5.201910500000001e-10
0.8244023083264634	-6.601600000000011	0.009300260099999999	0.000024253951	0.000019840402	5.223831300000001e-10
0.8244023083264634	-6.571400000000011	0.0095341345	0.000025097615000000003	0.000020848173	4.8735929e-10
0.8244023083264634	-6.5412000000000114	0.0097738134	0.000026374004000000003	0.000021907003	5.161103500000001e-10
0.8244023083264634	-6.511000000000012	0.010018649000000001	0.000026166315	0.000023019389000000002	4.9188885e-10
0.8244023083264634	-6.480800000000012	0.010270066000000001	0.000025785233000000002	0.000024188266	5.430133700000001e-10
0.8244023083264634	-6.450600000000012	0.010523994000000002	0.000026399676000000002	0.000025416153000000004	4.4208930000000006e-10
0.8244023083264634	-6.420400000000012	0.010787619	0.000027448825999999998	0.000026706132	4.769106300000001e-10
0.8244023083264634	-6.3902000000000125	0.011060085	0.000028306506	0.000028061589	4.5555130000000005e-10
0.8244023083264634	-6.360000000000013	0.011333887	0.000028760685000000003	0.000029485353	4.5596381000000006e-10
0.8244023083264634	-6.329800000000013	0.01161888	0.000028657291000000003	0.000030981489000000005	4.9093994e-10
0.8244023083264634	-6.299600000000013	0.011911125000000002	0.000029297199000000002	0.000032553088000000006	5.8793122e-10
0.8244023083264634	-6.269400000000013	0.012206342000000002	0.000030314163	0.000034204287	8.6156526e-10
0.8244023083264634	-6.239200000000014	0.012512663	0.000032419938	0.000035938806000000005	8.590257100000001e-10
0.8244023083264634	-6.209000000000014	0.01283027	0.000033226663000000004	0.000037760909	9.710843300000002e-10
0.8244023083264634	-6.178800000000014	0.013147558000000002	0.000034444756	0.000039675035	1.0159634e-9
0.8244023083264634	-6.148600000000014	0.013473281000000002	0.000035047401	0.000041685746000000006	1.0174950000000001e-9
0.8244023083264634	-6.1184000000000145	0.013811479	0.000036444156	0.00004379802	9.4041655e-10
0.8244023083264634	-6.088200000000015	0.014161294999999999	0.00003602657	0.00004601679	8.7106785e-10
0.8244023083264634	-6.058000000000015	0.014506842	0.00003984118	0.000048347511	1.0849587e-9
0.8244023083264634	-6.027800000000015	0.014865585	0.000039057389	0.00005079600600000001	1.1895827e-9
0.8244023083264634	-5.997600000000015	0.015239332000000001	0.00003971241	0.000053368132	1.1103226e-9
0.8244023083264634	-5.967400000000016	0.015618629000000002	0.00004277955	0.000056069781	1.1997565000000001e-9
0.8244023083264634	-5.937200000000016	0.016010551	0.00004339707400000001	0.000058907905000000006	8.170382400000001e-10
0.8244023083264634	-5.907000000000016	0.016406688	0.000044972181000000004	0.00006188868700000001	8.7003921e-10
0.8244023083264634	-5.876800000000016	0.016815851000000003	0.00005037218100000001	0.00006501987500000001	1.1205434e-9
0.8244023083264634	-5.8466000000000165	0.017232407	0.000053501823000000006	0.000068308223	1.3444828000000002e-9
0.8244023083264634	-5.816400000000017	0.017656224	0.00005626197400000001	0.000071761866	1.3976981e-9
0.8244023083264634	-5.786200000000017	0.018101237000000003	0.000055020934	0.000075389812	1.7900341000000001e-9
0.8244023083264634	-5.756000000000017	0.018558056	0.000051689542	0.000079200737	1.9770537e-9
0.8244023083264634	-5.725800000000017	0.019020501000000002	0.000055218017	0.00008320275900000001	2.394335e-9
0.8244023083264634	-5.6956000000000175	0.019512338000000004	0.000047158892000000005	0.00008740681700000001	2.1692858e-9
0.8244023083264634	-5.665400000000018	0.020002305	0.000048255285	0.00009182011500000001	1.9280042e-9
0.8244023083264634	-5.635200000000018	0.020493878	0.000045151936	0.00009645644900000001	1.991337e-9
0.8244023083264634	-5.605000000000018	0.020994262	0.000039789844000000004	0.00010132508	2.1415441e-9
0.8244023083264634	-5.574800000000018	0.0215109	0.000036315646	0.00010643845	2.4562349000000002e-9
0.8244023083264634	-5.544600000000019	0.022036244	0.000039249383	0.00011180783	3.0409704e-9
0.8244023083264634	-5.514400000000019	0.022582951000000004	0.000040103192	0.0001174471	3.6732008e-9
0.8244023083264634	-5.484200000000019	0.023148007	0.000041459719000000004	0.00012336774	3.9010456e-9
0.8244023083264634	-5.454000000000019	0.023736922	0.00004521355000000001	0.00012958542000000002	4.358124e-9
0.8244023083264634	-5.4238000000000195	0.024328202	0.000047760988	0.00013611475000000002	4.5790522e-9
0.8244023083264634	-5.39360000000002	0.02491184	0.000044375476	0.00014296961	4.8925868e-9
0.8244023083264634	-5.36340000000002	0.025524895	0.000055784295	0.00015016877000000002	3.0566025000000004e-9
0.8244023083264634	-5.33320000000002	0.026151134	0.000053935354000000006	0.00015772636	3.8715883e-9
0.8244023083264634	-5.30300000000002	0.026799045	0.000062459243	0.00016566313999999999	5.460590400000001e-9
0.8244023083264634	-5.272800000000021	0.027469173000000003	0.000047248626000000005	0.00017399505000000002	5.6511908e-9
0.8244023083264634	-5.242600000000021	0.028151637000000004	0.000052836969000000004	0.00018274183	5.2692068000000005e-9
0.8244023083264634	-5.212400000000021	0.028826616	0.000056966101000000006	0.00019192793	5.4127693e-9
0.8244023083264634	-5.182200000000021	0.029560089	0.000060598235	0.00020157084000000001	6.3501255e-9
0.8244023083264634	-5.1520000000000215	0.030296633000000003	0.000062320875	0.00021169552	5.9293735000000005e-9
0.8244023083264634	-5.121800000000022	0.03100423	0.000066931661	0.00022232117	7.439095100000001e-9
0.8244023083264634	-5.091600000000022	0.031772827999999996	0.00007495323	0.00023347346999999998	1.0098593e-8
0.8244023083264634	-5.061400000000022	0.032550755	0.000082363534	0.00024518388999999997	1.0593874999999999e-8
0.8244023083264634	-5.031200000000022	0.033377709	0.000075718158	0.00025747781	1.0357650999999999e-8
0.8244023083264634	-5.0010000000000225	0.034208669000000004	0.000086765016	0.00027038478	1.0025002e-8
0.8244023083264634	-4.970800000000023	0.035056922000000004	0.000087200567	0.0002839262	1.1189351e-8
0.8244023083264634	-4.940600000000023	0.035908679	0.000099603627	0.00029814457	1.3069342e-8
0.8244023083264634	-4.910400000000023	0.036807796	0.000093552247	0.00031306012	1.2674938999999998e-8
0.8244023083264634	-4.880200000000023	0.037731086000000004	0.000093127849	0.00032871657	1.4749814e-8
0.8244023083264634	-4.850000000000024	0.038614044	0.000096225657	0.00034515817	1.8198639e-8
0.8244023083264634	-4.819800000000024	0.039548789	0.000078813363	0.00036241311	1.1690601e-8
0.8244023083264634	-4.789600000000024	0.040534991	0.000072910643	0.00038050856	1.2487059999999999e-8
0.8244023083264634	-4.759400000000024	0.041523689	0.000067722162	0.00039950401000000003	1.4927449e-8
0.8244023083264634	-4.7292000000000245	0.042561774000000004	0.00007213713000000001	0.00041943026000000003	1.5044574999999997e-8
0.8244023083264634	-4.699000000000025	0.043572735	0.000081360501	0.00044033884000000003	1.7579528999999998e-8
0.8244023083264634	-4.668800000000025	0.044654455	0.000074079812	0.00046228325	1.755569e-8
0.8244023083264634	-4.638600000000025	0.045716765	0.000071053987	0.00048531121	2.0487926e-8
0.8244023083264634	-4.608400000000025	0.046830409	0.00006443734	0.00050946368	2.2331961e-8
0.8244023083264634	-4.578200000000026	0.047963568000000005	0.000063355975	0.00053480037	2.4868430999999997e-8
0.8244023083264634	-4.548000000000026	0.04915191	0.000075143954	0.00056137859	2.8505137e-8
0.8244023083264634	-4.517800000000026	0.05039832600000001	0.00010284999999999999	0.00058923842	4.5783235999999996e-8
0.8244023083264634	-4.487600000000026	0.051619465	0.00007989455500000001	0.00061848298	3.9929393e-8
0.8244023083264634	-4.4574000000000265	0.052861171	0.000079751284	0.0006491860200000001	4.3330592e-8
0.8244023083264634	-4.427200000000027	0.054161087	0.000098802397	0.00068135982	5.1740691999999994e-8
0.8244023083264634	-4.397000000000027	0.055514844	0.00016687759	0.00071509682	9.3098698e-8
0.8244023083264634	-4.366800000000027	0.056864816	0.00015946101	0.00075049335	9.8073315e-8
0.8244023083264634	-4.336600000000027	0.058220756	0.00016274331	0.00078762884	1.0194433e-7
0.8244023083264634	-4.3064000000000275	0.059724754000000005	0.00016315585	0.00082649883	9.803547099999999e-8
0.8244023083264634	-4.276200000000028	0.061166449000000005	0.0001628972	0.0008673129800000001	1.1031394e-7
0.8244023083264634	-4.246000000000028	0.062666016	0.0001634867	0.0009100804500000001	1.2783616e-7
0.8244023083264634	-4.215800000000028	0.06425230600000001	0.00016340416	0.0009549058900000001	1.2832758999999998e-7
0.8244023083264634	-4.185600000000028	0.065789287	0.00015470451	0.0010019596	1.2297813e-7
0.8244023083264634	-4.155400000000029	0.067363754	0.00016282737	0.0010512713	1.412372e-7
0.8244023083264634	-4.125200000000029	0.069096948	0.00018034067	0.001102858	1.5929182e-7
0.8244023083264634	-4.095000000000029	0.07068835100000001	0.00016853949	0.0011570946	1.6433586999999998e-7
0.8244023083264634	-4.064800000000029	0.072455738	0.00018911273	0.0012138139	1.8952005e-7
0.8244023083264634	-4.0346000000000295	0.07426554	0.00017737225000000003	0.0012732345	1.9929615999999998e-7
0.8244023083264634	-4.00440000000003	0.07596819500000002	0.00018758715000000002	0.0013356798	2.1841825e-7
0.8244023083264634	-3.97420000000003	0.07771143600000001	0.00021123514	0.0014011054	2.4571510999999995e-7
0.8244023083264634	-3.94400000000003	0.079452125	0.00022025898	0.0014697161	2.6821995e-7
0.8244023083264634	-3.9138000000000304	0.08142945400000001	0.00016764467	0.0015413822	2.1082326e-7
0.8244023083264634	-3.8836000000000306	0.08345859100000001	0.00017438553000000001	0.0016164329	2.2107855e-7
0.8244023083264634	-3.853400000000031	0.085608339	0.00023588774000000002	0.0016949698999999998	3.380033e-7
0.8244023083264634	-3.823200000000031	0.087633241	0.00028027583	0.0017775194000000001	4.276067e-7
0.8244023083264634	-3.7930000000000312	0.08966385700000001	0.00027587376000000005	0.0018639961	4.3118426999999995e-7
0.8244023083264634	-3.7628000000000315	0.091737599	0.00029303417	0.0019545771	4.850666e-7
0.8244023083264634	-3.7326000000000317	0.093980293	0.00031904044999999997	0.0020492643	5.8626444e-7
0.8244023083264634	-3.702400000000032	0.096220319	0.00021226676000000002	0.0021484104	4.2520942e-7
0.8244023083264634	-3.672200000000032	0.098613348	0.00018713277	0.0022520468	4.139614e-7
0.8244023083264634	-3.6420000000000323	0.10079411	0.00015453521	0.002361187	3.6908889e-7
0.8244023083264634	-3.6118000000000325	0.10309616	0.000072888935	0.00247528	1.6803391e-7
0.8244023083264634	-3.5816000000000328	0.10518512	0.00013368289	0.0025953824	3.9362086e-7
0.8244023083264634	-3.551400000000033	0.10812741	0.00014338873	0.0027190025	3.7971785e-7
0.8244023083264634	-3.521200000000033	0.11045316	0.00019889056	0.0028502393999999998	5.8855159e-7
0.8244023083264634	-3.4910000000000334	0.11318144	0.00019312646	0.0029865570000000004	5.8482785e-7
0.8244023083264634	-3.4608000000000336	0.11557635	0.00019362616	0.0031304363000000004	6.4364284e-7
0.8244023083264634	-3.430600000000034	0.11846136	0.00016951812999999998	0.0032795018999999996	6.4639058e-7
0.8244023083264634	-3.400400000000034	0.12137714	0.00026003116	0.0034355303999999997	9.4162557e-7
0.8244023083264634	-3.3702000000000343	0.12416247	0.00022770419000000001	0.0035995042	9.2750467e-7
0.8244023083264634	-3.3400000000000345	0.12712165	0.00018079729	0.0037705214	7.338529299999999e-7
0.8244023083264634	-3.3098000000000347	0.13024599	0.00010682685	0.003949013	5.196211e-7
0.8244023083264634	-3.279600000000035	0.13304775	0.00012828474000000002	0.0041373066	6.5240244e-7
0.8244023083264634	-3.249400000000035	0.13617094	0.00017407247000000002	0.0043330111	8.424355e-7
0.8244023083264634	-3.2192000000000354	0.1393886	0.00027183730000000003	0.0045374575000000006	1.3328131e-6
0.8244023083264634	-3.1890000000000356	0.14254691	0.00021339879000000002	0.0047518907	1.0950534e-6
0.8244023083264634	-3.158800000000036	0.1457548	0.00016464788	0.0049760608	7.833681e-7
0.8244023083264634	-3.128600000000036	0.14919072	0.0001973383	0.0052094113	1.0293016000000001e-6
0.8244023083264634	-3.0984000000000362	0.1528263	0.00022225168000000002	0.0054523983	1.3220900999999999e-6
0.8244023083264634	-3.0682000000000365	0.15620674	0.000061944359	0.0057083931	4.9443699e-7
0.8244023083264634	-3.0380000000000367	0.15977107	0.0003127454	0.0059751809	2.0575681000000003e-6
