"tempβ"	"μ"	"density"	"err"	"doublon"	"err"
9.891196834817013	0.021	1.0417026	0.00020908155	0.25282748	0.0009418019100000001
9.891196834817013	0.0512	1.1014243	0.00033883957999999997	0.28562715	0.00093969686
9.891196834817013	0.0814	1.1613299000000001	0.00060049565	0.32188858	0.0010232379
9.891196834817013	0.1116	1.2183561	0.0010356257000000001	0.35579662	0.0014139976000000002
9.891196834817013	0.1418	1.2757082	0.00023802733	0.39320432	0.00038797741
9.891196834817013	0.17200000000000001	1.3284974999999999	0.0012028218	0.42778482	0.0013321830000000002
9.891196834817013	0.20220000000000002	1.3825531999999998	0.00049584586	0.46604679	0.00054312079
9.891196834817013	0.23240000000000002	1.433954	0.0012561923999999999	0.50286564	0.001556052
9.891196834817013	0.2626	1.4849767999999999	0.0015915122	0.54189438	0.0017541456
9.891196834817013	0.2928	1.5332596	0.0013672006	0.57927669	0.0015332083
9.891196834817013	0.323	1.5805632	0.0010480802000000001	0.61770742	0.0011417052
9.891196834817013	0.3532	1.6242921	0.0011976063	0.65365448	0.0012510963
9.891196834817013	0.3834	1.6681754	0.002168746	0.69138291	0.0021377826
9.891196834817013	0.4136	1.7045151	0.00089867403	0.72269856	0.0009028332900000001
9.891196834817013	0.44380000000000003	1.7386999	0.0011055019000000001	0.75279962	0.0011037422
9.891196834817013	0.47400000000000003	1.7724952999999999	0.0017585722000000002	0.78326224	0.0017304158
9.891196834817013	0.5042	1.8020955	0.0006210864699999999	0.81028973	0.0006082774600000001
9.891196834817013	0.5344	1.8278548	0.00059588513	0.83394469	0.0005807613700000001
9.891196834817013	0.5646	1.8517255	0.00067284204	0.85622109	0.0006506005200000001
9.891196834817013	0.5948	1.8743992	0.00089803327	0.87763868	0.0008741616
9.891196834817013	0.625	1.8934016	0.00098611944	0.895701	0.00096498288
9.891196834817013	0.6552	1.9118627	0.00032468026	0.91346069	0.00031595855
9.891196834817013	0.6854	1.925808	0.00042173525	0.92691951	0.00042006485
9.891196834817013	0.7156	1.938944	0.0006176840000000001	0.93970348	0.00061528719
9.891196834817013	0.7458	1.9491904	0.00032006442	0.94971056	0.00031473256
9.891196834817013	0.776	1.9593903	0.00040058228000000004	0.9597274	0.00039685295
9.891196834817013	0.8062	1.9668051	0.0003800745	0.96702819	0.00037767077
9.891196834817013	0.8364	1.9738858000000001	0.00027678014	0.97402746	0.00027534033000000004
9.891196834817013	0.8666	1.9788682	0.00025521591	0.97895899	0.00025397687000000004
9.891196834817013	0.8968	1.9833543	0.00014960551	0.98341032	0.00014893635
9.891196834817013	0.927	1.9871543	0.000092554636	0.98718786	0.000092269244
9.891196834817013	0.9572	1.9900339	0.000062759237	0.99005415	0.00006259534
9.891196834817013	0.9874	1.9923703000000001	0.000042802222	0.99238212	0.000042682042
9.891196834817013	1.0176	1.9942406	0.000047912886	0.99424743	0.000047833731
9.891196834817013	1.0478	1.9955981999999999	0.000024545145	0.99560212	0.000024510898
9.891196834817013	1.078	1.9966883999999998	0.000027528312	0.99669061	0.000027505600000000003
9.891196834817013	1.1082	1.9975072999999999	0.000026507927999999997	0.99750851	0.000026494202
9.891196834817013	1.1384	1.9981286	0.000020544630000000002	0.99812933	0.000020538313000000002
9.891196834817013	1.1686	1.998602	0.000017553172	0.99860237	0.000017548961
9.891196834817013	1.1988	1.9989619	0.000013518947	0.99896209	0.000013516402
9.891196834817013	1.229	1.9992257999999998	0.000010246183	0.99922588	0.00001024473
9.891196834817013	1.2592	1.9994232	7.540527700000001e-6	0.9994233	7.539689200000001e-6
9.891196834817013	1.2894	1.9995711999999999	5.7732542e-6	0.99957127	5.7727849e-6
9.891196834817013	1.3196	1.9996813	4.2800642000000005e-6	0.99968136	4.279835000000001e-6
9.891196834817013	1.3498	1.9997644	2.1910464e-6	0.99976438	2.1909302000000003e-6
9.891196834817013	1.3800000000000001	1.9998249000000001	1.7249372e-6	0.99982488	1.7248680000000002e-6
9.891196834817013	1.4102000000000001	1.9998702	1.2088521e-6	0.99987025	1.2088156e-6
9.891196834817013	1.4404000000000001	1.9999036000000001	9.0030144e-7	0.99990363	9.002821199999999e-7
9.891196834817013	1.4706000000000001	1.9999285	6.768390199999999e-7	0.99992852	6.7682809e-7
9.891196834817013	1.5008000000000001	1.999947	5.1328169e-7	0.99994698	5.1327575e-7
9.891196834817013	1.5310000000000001	1.9999606	3.9411706e-7	0.99996065	3.9411361e-7
9.891196834817013	1.5612000000000001	1.9999707999999998	3.0365971e-7	0.9999708	3.036577e-7
9.891196834817013	1.5914000000000001	1.9999783	2.3799637e-7	0.99997834	2.379952e-7
9.891196834817013	1.6216000000000002	1.9999839	1.7656079e-7	0.99998393	1.7656014e-7
9.891196834817013	1.6518000000000002	1.9999881	1.2792036e-7	0.99998808	1.2792001e-7
9.891196834817013	1.6820000000000002	1.9999912	9.489406299999999e-8	0.99999116	9.489386899999999e-8
9.891196834817013	1.7122000000000002	1.9999934	7.0393221e-8	0.99999344	7.0393115e-8
9.891196834817013	1.7424000000000002	1.9999951	5.2217614e-8	0.99999513	5.2217555000000005e-8
9.891196834817013	1.7726000000000002	1.9999964000000001	3.9271444e-8	0.99999639	3.9271412e-8
9.891196834817013	1.8028000000000002	1.9999973	2.9131023e-8	0.99999732	2.9131004999999996e-8
9.891196834817013	1.8330000000000002	1.9999980000000002	2.1608883999999998e-8	0.99999801	2.1608873999999998e-8
9.891196834817013	1.8632000000000002	1.9999985	1.602903e-8	0.99999853	1.6029024e-8
9.891196834817013	1.8934000000000002	1.9999989	1.1889972999999999e-8	0.99999891	1.188997e-8
9.891196834817013	1.9236000000000002	1.9999992	8.8196957e-9	0.99999919	8.8196942e-9
9.891196834817013	1.9538000000000002	1.9999993999999999	6.5422274000000005e-9	0.9999994	6.5422265e-9
9.891196834817013	1.9840000000000002	1.9999996	4.8528532e-9	0.99999955	4.8528527e-9
9.891196834817013	2.0142	1.9999997	3.5997168000000003e-9	0.99999967	3.5997162e-9
4.948045522018803	0.021	1.0329112	0.00017363185	0.248256	0.0012918254
4.948045522018803	0.0512	1.0806082	0.00025933496	0.2751472	0.00080766169
4.948045522018803	0.0814	1.1271904000000001	0.00036699152000000003	0.29989238	0.00086154583
4.948045522018803	0.1116	1.1751033	0.0005427647300000001	0.32999092	0.0010730773
4.948045522018803	0.1418	1.2208566	0.00072837868	0.35740468	0.0012432305
4.948045522018803	0.17200000000000001	1.2667777999999998	0.00085096977	0.38687741	0.0013221586
4.948045522018803	0.20220000000000002	1.3102726	0.00080223737	0.41510154	0.0010585883
4.948045522018803	0.23240000000000002	1.3551219	0.00041788637	0.44664783	0.00059484728
4.948045522018803	0.2626	1.3975825	0.00083142102	0.47682032	0.001059976
4.948045522018803	0.2928	1.4368903999999998	0.0017298234000000003	0.50479435	0.001999351
4.948045522018803	0.323	1.4786184999999998	0.0013944725	0.5371013	0.0015061784
4.948045522018803	0.3532	1.5178289999999999	0.0010541946	0.56770216	0.0011737767
4.948045522018803	0.3834	1.5525219000000001	0.0012864857	0.59459114	0.0013352777
4.948045522018803	0.4136	1.5873867	0.00041378540000000004	0.62278452	0.00043908257000000003
4.948045522018803	0.44380000000000003	1.622654	0.0018738298	0.65245129	0.0019575856
4.948045522018803	0.47400000000000003	1.6529225	0.0013637850000000002	0.67769192	0.0014248931
4.948045522018803	0.5042	1.6838403	0.0011905124	0.70435912	0.0012165047
4.948045522018803	0.5344	1.7125736	0.0015975138000000001	0.72946662	0.0016202573
4.948045522018803	0.5646	1.7398285	0.0014414034	0.75372788	0.0014517828
4.948045522018803	0.5948	1.7649576	0.0015412274000000002	0.77629573	0.0015637409
4.948045522018803	0.625	1.7864665	0.0012429501	0.79566017	0.0012314746
4.948045522018803	0.6552	1.8079309	0.00094228336	0.81533744	0.00093449975
4.948045522018803	0.6854	1.8273376	0.0014961779	0.83328652	0.0014925768
4.948045522018803	0.7156	1.8466204	0.0017512199000000001	0.85137239	0.0017428981
4.948045522018803	0.7458	1.8632289	0.00090934503	0.86699077	0.0009022375700000001
4.948045522018803	0.776	1.877859	0.00054546064	0.88084802	0.0005427428300000001
4.948045522018803	0.8062	1.8917169	0.00036921279000000004	0.89404912	0.00036643371000000003
4.948045522018803	0.8364	1.9052369	0.00059903397	0.90706444	0.0005945250500000001
4.948045522018803	0.8666	1.9159525999999998	0.0009129821200000001	0.91737478	0.0009099313300000001
4.948045522018803	0.8968	1.9243324	0.0009407708400000001	0.92544966	0.00093544118
4.948045522018803	0.927	1.9339374	0.00048115339	0.93479428	0.00047960559000000005
4.948045522018803	0.9572	1.9421656	0.00067567202	0.94282595	0.00067203125
4.948045522018803	0.9874	1.9490979	0.00011594736	0.94960353	0.00011500726
4.948045522018803	1.0176	1.9550744	0.00030653219	0.95546181	0.00030508200000000003
4.948045522018803	1.0478	1.9612969999999998	0.00023011522000000002	0.96159105	0.00022891258000000002
4.948045522018803	1.078	1.9659361	0.00031650476	0.96616084	0.00031599147
4.948045522018803	1.1082	1.9707653	0.00012288675000000001	0.97093452	0.00012291976
4.948045522018803	1.1384	1.9745703000000001	0.00017554174	0.97469902	0.00017484483
4.948045522018803	1.1686	1.9774968000000002	0.000057890083000000003	0.97759453	0.000057902096000000005
4.948045522018803	1.1988	1.9804712999999998	0.00017227329	0.98054455	0.00017183929
4.948045522018803	1.229	1.9832138	0.00015669261000000003	0.9832688	0.00015645101
4.948045522018803	1.2592	1.9854721	0.00011671104	0.98551343	0.00011656002
4.948045522018803	1.2894	1.9873931	0.00009976183800000001	0.98742407	0.00009962202
4.948045522018803	1.3196	1.9889823	0.00017073341	0.98900557	0.0001705311
4.948045522018803	1.3498	1.9905340999999999	0.000080842691	0.99055145	0.000080742126
4.948045522018803	1.3800000000000001	1.9917617	0.000051483013000000004	0.99177475	0.00005143152300000001
4.948045522018803	1.4102000000000001	1.9929074	0.000043547932000000005	0.99291713	0.000043511037000000005
4.948045522018803	1.4404000000000001	1.9938997	0.000028174367000000002	0.99390692	0.000028145616
4.948045522018803	1.4706000000000001	1.9947382	0.000033511655	0.9947436	0.000033490381
4.948045522018803	1.5008000000000001	1.9954318	0.000035143701	0.99543582	0.000035129011
4.948045522018803	1.5310000000000001	1.9960421	0.000028307619000000002	0.99604508	0.000028295881000000003
4.948045522018803	1.5612000000000001	1.9965714	0.000029693655000000004	0.99657361	0.00002968093
4.948045522018803	1.5914000000000001	1.997036	0.000028600602000000004	0.99703771	0.000028590959
4.948045522018803	1.6216000000000002	1.997459	0.000023712094	0.99746022	0.000023705635
4.948045522018803	1.6518000000000002	1.9978083	0.000022449357	0.99780919	0.00002244478
4.948045522018803	1.6820000000000002	1.9981118	0.000019594213000000002	0.9981125	0.000019590829
4.948045522018803	1.7122000000000002	1.9983732	0.000016648642	0.9983737	0.000016646113000000002
4.948045522018803	1.7424000000000002	1.9985985	0.000018217022999999998	0.99859887	0.000018214672000000004
4.948045522018803	1.7726000000000002	1.9987902	0.00001577024	0.99879049	0.000015768419
4.948045522018803	1.8028000000000002	1.9989592	0.000011919731	0.9989594	0.000011918517
4.948045522018803	1.8330000000000002	1.9991060999999999	9.2286378e-6	0.99910624	9.227820600000001e-6
4.948045522018803	1.8632000000000002	1.9992294	8.2812959e-6	0.99922947	8.2805909e-6
4.948045522018803	1.8934000000000002	1.9993356000000002	7.311216900000001e-6	0.99933573	7.3106772000000005e-6
4.948045522018803	1.9236000000000002	1.9994268000000002	6.3169365e-6	0.99942686	6.3165361000000005e-6
4.948045522018803	1.9538000000000002	1.9995064	5.464590600000001e-6	0.99950645	5.4643011000000005e-6
4.948045522018803	1.9840000000000002	1.9995756	4.717776200000001e-6	0.99957567	4.7175598e-6
4.948045522018803	2.0142	1.9996351	3.7097328000000006e-6	0.99963515	3.7095904000000004e-6
3.2992411745298575	0.021	1.0265314	0.000070372813	0.24888173	0.00068217669
3.2992411745298575	0.0512	1.0645681999999999	0.00022000951	0.26862331	0.00098115226
3.2992411745298575	0.0814	1.1022463	0.00021377748	0.28874295	0.0006219706699999999
3.2992411745298575	0.1116	1.1398606999999998	0.00044962139	0.31020189	0.0010425704
3.2992411745298575	0.1418	1.17727	0.00079759987	0.33245024	0.0014474400000000001
3.2992411745298575	0.17200000000000001	1.2148828	0.0006406661500000001	0.35615417	0.0010742268
3.2992411745298575	0.20220000000000002	1.2512957	0.00089319651	0.37900838	0.0013199301999999998
3.2992411745298575	0.23240000000000002	1.2860808000000001	0.00099833577	0.40071374	0.0014298760999999999
3.2992411745298575	0.2626	1.3225682	0.0013323626	0.42603572	0.0017416701
3.2992411745298575	0.2928	1.3551056	0.0014402567999999998	0.44724482	0.0018151912000000001
3.2992411745298575	0.323	1.3899252	0.00099867644	0.47244802	0.0011769444
3.2992411745298575	0.3532	1.4229737	0.00092842406	0.49652531	0.0010464724
3.2992411745298575	0.3834	1.4549464	0.001019119	0.52011949	0.0011532073
3.2992411745298575	0.4136	1.4853268	0.0011297832	0.54296934	0.0012671021
3.2992411745298575	0.44380000000000003	1.5157045999999998	0.00090416121	0.56654543	0.00097909166
3.2992411745298575	0.47400000000000003	1.5443863999999998	0.00075890091	0.58906256	0.0008316606600000001
3.2992411745298575	0.5042	1.5707585	0.001581795	0.60974034	0.0016969658000000002
3.2992411745298575	0.5344	1.5992586	0.00091584352	0.633471	0.00097668119
3.2992411745298575	0.5646	1.6250297999999999	0.0008740273	0.65480036	0.00092043582
3.2992411745298575	0.5948	1.6509987000000002	0.0013988574	0.67693944	0.0014622019
3.2992411745298575	0.625	1.6749588000000002	0.0009246101300000001	0.69744435	0.00095634426
3.2992411745298575	0.6552	1.6962108	0.00090489144	0.71561576	0.00092242546
3.2992411745298575	0.6854	1.717328	0.00027360618	0.73402414	0.00027372624000000003
3.2992411745298575	0.7156	1.7390084	0.00051946502	0.75338802	0.00052875674
3.2992411745298575	0.7458	1.7589164	0.00094207339	0.77123286	0.0009526489700000001
3.2992411745298575	0.776	1.7754602	0.00051945681	0.78595784	0.0005143937800000001
3.2992411745298575	0.8062	1.792597	0.0007839199300000001	0.80156766	0.00078803064
3.2992411745298575	0.8364	1.807302	0.00076963194	0.81492198	0.0007660957600000001
3.2992411745298575	0.8666	1.8225025000000001	0.0010024421000000001	0.82897308	0.0009994860100000001
3.2992411745298575	0.8968	1.8369552	0.00074148864	0.84243745	0.0007422191
3.2992411745298575	0.927	1.8503022999999998	0.0011286601000000001	0.85492375	0.0011309052
3.2992411745298575	0.9572	1.8614845999999998	0.00078184754	0.86538612	0.0007840867700000001
3.2992411745298575	0.9874	1.872659	0.00050687568	0.87594692	0.0005068531200000001
3.2992411745298575	1.0176	1.8835114	0.0005780329199999999	0.88626654	0.00057592746
3.2992411745298575	1.0478	1.8939903999999999	0.00034899353	0.89630139	0.0003487292
3.2992411745298575	1.078	1.9025864000000001	0.00044026207	0.90452182	0.00043917281000000006
3.2992411745298575	1.1082	1.9096263999999998	0.00043184191	0.91124407	0.00043137772000000004
3.2992411745298575	1.1384	1.9179363999999999	0.00073275114	0.91928891	0.00073124994
3.2992411745298575	1.1686	1.9254097000000001	0.00043079143	0.92653523	0.00043005326
3.2992411745298575	1.1988	1.9326417	0.00031594319999999997	0.93357593	0.00031549537
3.2992411745298575	1.229	1.9380034	0.00020275395	0.93878286	0.00020210231000000002
3.2992411745298575	1.2592	1.9432555000000002	0.00026819819	0.94390227	0.00026773765
3.2992411745298575	1.2894	1.9484274	0.00011628675	0.94896242	0.00011549679000000001
3.2992411745298575	1.3196	1.9531282	0.00030126606	0.95357095	0.00030104219
3.2992411745298575	1.3498	1.9574407999999999	0.00027457733	0.95780759	0.00027406339
3.2992411745298575	1.3800000000000001	1.9611822	0.00013118324	0.96148598	0.0001309755
3.2992411745298575	1.4102000000000001	1.9650062	0.00026980453	0.96525706	0.00026928121
3.2992411745298575	1.4404000000000001	1.9678503	0.00011879691	0.9680581	0.00011867909
3.2992411745298575	1.4706000000000001	1.9707089999999998	0.00013675851	0.97088058	0.00013664864
3.2992411745298575	1.5008000000000001	1.9732291	0.00019415905	0.97337077	0.00019386383
3.2992411745298575	1.5310000000000001	1.9755612999999999	0.00014060078	0.97567824	0.00014034041
3.2992411745298575	1.5612000000000001	1.9779965	0.00017587059	0.97809261	0.00017567981
3.2992411745298575	1.5914000000000001	1.9799227	0.00015634938000000002	0.98000204	0.00015617633
3.2992411745298575	1.6216000000000002	1.9818541	0.00014083117	0.98191941	0.00014073256
3.2992411745298575	1.6518000000000002	1.9834767	0.00012134453	0.9835304	0.00012123418
3.2992411745298575	1.6820000000000002	1.9850369	0.00010354843	0.98508108	0.00010344788000000001
3.2992411745298575	1.7122000000000002	1.9865102000000001	0.000089901866	0.98654645	0.000089831206
3.2992411745298575	1.7424000000000002	1.9877622000000001	0.00009012895500000001	0.98779201	0.000090072599
3.2992411745298575	1.7726000000000002	1.9888375999999999	0.000090912945	0.98886208	0.00009085609
3.2992411745298575	1.8028000000000002	1.9899016999999999	0.000072320589	0.98992183	0.000072281399
3.2992411745298575	1.8330000000000002	1.9908194000000001	0.000058899135	0.99083594	0.00005886972700000001
3.2992411745298575	1.8632000000000002	1.9916999	0.000038929676	0.9917135	0.000038907933000000004
3.2992411745298575	1.8934000000000002	1.9924461	0.00005455283800000001	0.99245727	0.000054527374
3.2992411745298575	1.9236000000000002	1.9931714999999999	0.000028966239	0.99318065	0.000028957686
3.2992411745298575	1.9538000000000002	1.9938049	0.000034231948000000005	0.99381243	0.0000342196
3.2992411745298575	1.9840000000000002	1.994382	0.000043566492	0.99438821	0.000043553005
3.2992411745298575	2.0142	1.9949098	0.000043909327	0.99491487	0.000043894367
2.4746349913387773	0.021	1.0215789	0.000072954325	0.24675417	0.00084861981
2.4746349913387773	0.0512	1.0530076	0.000065181258	0.26504696	0.00032297964000000003
2.4746349913387773	0.0814	1.0839294	0.00024643242000000004	0.28098236	0.00086754772
2.4746349913387773	0.1116	1.1149387	0.00019854276	0.29845885	0.00049577058
2.4746349913387773	0.1418	1.1454479	0.00012662214999999998	0.31540287	0.00027661573000000003
2.4746349913387773	0.17200000000000001	1.1758924	0.00050137698	0.33333202	0.0009719631600000001
2.4746349913387773	0.20220000000000002	1.2063840000000001	0.00061088637	0.35211284	0.0010707497
2.4746349913387773	0.23240000000000002	1.2361036	0.0004955313	0.37051466	0.0007761736400000001
2.4746349913387773	0.2626	1.2658019	0.00040846801	0.3895772	0.00058815038
2.4746349913387773	0.2928	1.2955649	0.00061624234	0.40958332	0.00086018539
2.4746349913387773	0.323	1.3231024	0.00089277593	0.42723875	0.0011783704000000001
2.4746349913387773	0.3532	1.351207	0.0013714342	0.44645793	0.0017588697000000002
2.4746349913387773	0.3834	1.3802739	0.00099845742	0.46758646	0.001238046
2.4746349913387773	0.4136	1.4073205999999998	0.0008483312200000001	0.48686242	0.0010221186
2.4746349913387773	0.44380000000000003	1.434021	0.0007325614099999999	0.50643523	0.0008524059200000001
2.4746349913387773	0.47400000000000003	1.4588646	0.00073340831	0.52442647	0.0008347810799999999
2.4746349913387773	0.5042	1.4846989	0.00065689674	0.54415581	0.00074376612
2.4746349913387773	0.5344	1.508045	0.00039230617	0.56170319	0.00044572244
2.4746349913387773	0.5646	1.5318995	0.0011960479	0.58030214	0.0013215339
2.4746349913387773	0.5948	1.5544427	0.00089312978	0.59803127	0.0009634384600000001
2.4746349913387773	0.625	1.5771534	0.0006286944800000001	0.61635516	0.00066778304
2.4746349913387773	0.6552	1.597432	0.0010188603	0.63254254	0.0010731118000000001
2.4746349913387773	0.6854	1.6182644	0.0011885922	0.64973476	0.0012440158
2.4746349913387773	0.7156	1.6386538000000002	0.0005053436300000001	0.66681152	0.00052793371
2.4746349913387773	0.7458	1.6600232000000001	0.00056918015	0.68523681	0.00059113152
2.4746349913387773	0.776	1.6762098	0.00053972086	0.6986298	0.00055423769
2.4746349913387773	0.8062	1.6952751999999998	0.0013927768	0.71526516	0.0014286881000000003
2.4746349913387773	0.8364	1.7113175	0.0009824668800000002	0.72905333	0.0010034941
2.4746349913387773	0.8666	1.7289884	0.0015112193	0.74476208	0.001536939
2.4746349913387773	0.8968	1.7445184	0.0013143792000000001	0.75847707	0.0013378650000000001
2.4746349913387773	0.927	1.7602830999999999	0.00087104365	0.77264576	0.0008845811
2.4746349913387773	0.9572	1.7727909	0.00086567115	0.78370519	0.00087766187
2.4746349913387773	0.9874	1.7873245	0.00076962199	0.7969542	0.00077726536
2.4746349913387773	1.0176	1.8002445	0.0008316726	0.80872771	0.0008390698599999999
2.4746349913387773	1.0478	1.81191	0.0013280448	0.81938535	0.0013387945
2.4746349913387773	1.078	1.8241034	0.00044182183000000006	0.83067214	0.00044462212
2.4746349913387773	1.1082	1.8361589	0.00040444445	0.84192946	0.00040488081999999996
2.4746349913387773	1.1384	1.8458098	0.00034626606	0.85086612	0.00034393729000000003
2.4746349913387773	1.1686	1.8550957000000001	0.0009830709	0.85952832	0.0009837304999999999
2.4746349913387773	1.1988	1.8650762	0.0007072912	0.86895518	0.0007085973
2.4746349913387773	1.229	1.8735275000000002	0.00045324439	0.87692429	0.00045141121
2.4746349913387773	1.2592	1.8805216	0.00049690206	0.88348582	0.00049727106
2.4746349913387773	1.2894	1.8895355999999999	0.0006466010700000001	0.89212579	0.00064617067
2.4746349913387773	1.3196	1.8960124	0.00038265565000000003	0.89827172	0.00038134351
2.4746349913387773	1.3498	1.9026889999999999	0.00071594708	0.90465804	0.0007139859800000001
2.4746349913387773	1.3800000000000001	1.9098033	0.00041966143	0.91151589	0.00041934103000000004
2.4746349913387773	1.4102000000000001	1.9157308	0.00043217533	0.91722207	0.00043060069
2.4746349913387773	1.4404000000000001	1.9209915999999998	0.00035825104	0.92228853	0.00035811956
2.4746349913387773	1.4706000000000001	1.9267414	0.00051655145	0.92786921	0.0005161150799999999
2.4746349913387773	1.5008000000000001	1.9312768999999999	0.0004070505	0.93225749	0.0004063958
2.4746349913387773	1.5310000000000001	1.9364872	0.00027128815	0.93733691	0.00027070864000000003
2.4746349913387773	1.5612000000000001	1.9410015	0.0001581979	0.94173849	0.00015766871
2.4746349913387773	1.5914000000000001	1.9445322	0.0001715465	0.94517176	0.00017160513
2.4746349913387773	1.6216000000000002	1.9481751999999999	0.00018638142	0.94872998	0.00018631243000000002
2.4746349913387773	1.6518000000000002	1.9520597	0.00014110828	0.95254022	0.00014121194
2.4746349913387773	1.6820000000000002	1.9551956000000001	0.00014077354	0.95561223	0.00014069189
2.4746349913387773	1.7122000000000002	1.9583046000000002	0.0002496837	0.95866529	0.00024946804000000003
2.4746349913387773	1.7424000000000002	1.9612021	0.00020179557	0.96151441	0.00020158185
2.4746349913387773	1.7726000000000002	1.963749	0.00019334522000000003	0.96401945	0.00019325893
2.4746349913387773	1.8028000000000002	1.966112	0.00027999047	0.96634605	0.00027969547
2.4746349913387773	1.8330000000000002	1.9684492	0.00030478938	0.96865159	0.00030438162
2.4746349913387773	1.8632000000000002	1.9706594	0.00022062536	0.97083442	0.00022040456
2.4746349913387773	1.8934000000000002	1.9727881	0.00025357691	0.97293929	0.00025335325
2.4746349913387773	1.9236000000000002	1.9746458	0.00020582574	0.97477654	0.00020567943999999998
2.4746349913387773	1.9538000000000002	1.9765047	0.00016765297000000001	0.97661755	0.00016755811000000002
2.4746349913387773	1.9840000000000002	1.9781135	0.0001485243	0.97821096	0.00014845901
2.4746349913387773	2.0142	1.9796577000000002	0.00011377567	0.97974187	0.00011370946
1.9798059790140567	0.021	1.018317	0.000051898641000000004	0.24926309	0.00072250519
1.9798059790140567	0.0512	1.0446544	0.000063457692	0.26298133	0.00037468267
1.9798059790140567	0.0814	1.0706528	0.00014754592	0.27584164	0.0005845458500000001
1.9798059790140567	0.1116	1.0967264	0.00017396908	0.29003829	0.00052675982
1.9798059790140567	0.1418	1.1224304	0.00013984406	0.30390391	0.00035132391
1.9798059790140567	0.17200000000000001	1.148581	0.00038729886000000004	0.3195621	0.00084425606
1.9798059790140567	0.20220000000000002	1.1745264	0.00031577928	0.33518291	0.00062310479
1.9798059790140567	0.23240000000000002	1.2004367	0.00034274975000000003	0.35129318	0.00060207413
1.9798059790140567	0.2626	1.2244769	0.00077669664	0.3647971	0.0012790155
1.9798059790140567	0.2928	1.2504702	0.0006175045700000001	0.38211934	0.00096246667
1.9798059790140567	0.323	1.2744795	0.00042819761	0.39695018	0.00061981162
1.9798059790140567	0.3532	1.2990246	0.0010340748	0.41315714	0.0014328133000000001
1.9798059790140567	0.3834	1.3245598	0.00059015608	0.43126558	0.00079402036
1.9798059790140567	0.4136	1.3468217	0.00070626721	0.44549017	0.00090617925
1.9798059790140567	0.44380000000000003	1.3690607	0.0005731420400000001	0.46031257	0.00071723889
1.9798059790140567	0.47400000000000003	1.3924349	0.0011490344	0.47708622	0.0014087549999999998
1.9798059790140567	0.5042	1.4161176	0.00044041926	0.4946841	0.0005307853500000001
1.9798059790140567	0.5344	1.4366043	0.00093675068	0.5089351	0.0010940516
1.9798059790140567	0.5646	1.4579417000000001	0.00030136872	0.5246405	0.00034882884
1.9798059790140567	0.5948	1.4796551	0.00090429905	0.54120196	0.0010261462
1.9798059790140567	0.625	1.4991569	0.0011438915	0.55565256	0.0012818170000000002
1.9798059790140567	0.6552	1.5207969	0.0007969914099999999	0.57288813	0.0008743859899999999
1.9798059790140567	0.6854	1.5388752	0.0009999787	0.58657157	0.0010963028
1.9798059790140567	0.7156	1.5580221	0.00053689278	0.60176449	0.00058514486
1.9798059790140567	0.7458	1.5765441	0.00042129085	0.6166012	0.00044944602
1.9798059790140567	0.776	1.5946753	0.0009268347	0.6313166	0.0009880321
1.9798059790140567	0.8062	1.6121664999999998	0.0006944316	0.64564853	0.00073375762
1.9798059790140567	0.8364	1.6271748	0.0012996491	0.65764203	0.0013678409
1.9798059790140567	0.8666	1.6467188999999998	0.00091840544	0.67463705	0.00095724351
1.9798059790140567	0.8968	1.6627570999999999	0.0013628572	0.68817563	0.001410332
1.9798059790140567	0.927	1.6772401000000001	0.00047595166000000003	0.7003383	0.00049044807
1.9798059790140567	0.9572	1.6932291999999998	0.00091013428	0.71425234	0.0009369246900000001
1.9798059790140567	0.9874	1.7057805000000001	0.00035481262000000005	0.72483173	0.00035921498000000005
1.9798059790140567	1.0176	1.718811	0.0011103019	0.73607627	0.0011365733
1.9798059790140567	1.0478	1.7326932	0.00086844943	0.74833072	0.0008873481399999999
1.9798059790140567	1.078	1.7461514	0.0009955292	0.76032702	0.001011395
1.9798059790140567	1.1082	1.7586832	0.00046263736	0.77151051	0.00046947916000000003
1.9798059790140567	1.1384	1.7696032000000002	0.0010398958	0.78118612	0.0010530817
1.9798059790140567	1.1686	1.7816456999999999	0.00047699207	0.79211266	0.00048222571
1.9798059790140567	1.1988	1.7917191	0.00056643941	0.80115893	0.0005675307400000001
1.9798059790140567	1.229	1.8019598000000001	0.0005819899200000001	0.81046973	0.00058720357
1.9798059790140567	1.2592	1.8122192000000001	0.00035797116	0.81988424	0.00035996513000000004
1.9798059790140567	1.2894	1.8220059	0.00071857295	0.82891011	0.00072270228
1.9798059790140567	1.3196	1.8311679	0.00048864168	0.83737985	0.00049046169
1.9798059790140567	1.3498	1.8393230999999999	0.0006427537599999999	0.84490838	0.00064547329
1.9798059790140567	1.3800000000000001	1.8487923	0.00035111631999999997	0.85381407	0.00035276001000000005
1.9798059790140567	1.4102000000000001	1.8556224	0.00028419891000000004	0.86012713	0.00028571362
1.9798059790140567	1.4404000000000001	1.8640183	0.0006191164900000001	0.86806164	0.0006208639999999999
1.9798059790140567	1.4706000000000001	1.8699876000000002	0.00035863080000000003	0.87361151	0.00035959139
1.9798059790140567	1.5008000000000001	1.8769521	0.00054852718	0.88020187	0.00054900962
1.9798059790140567	1.5310000000000001	1.8838959	0.00067481874	0.88680949	0.0006755960100000001
1.9798059790140567	1.5612000000000001	1.8892881	0.00071610512	0.89189557	0.0007171254700000001
1.9798059790140567	1.5914000000000001	1.8956349000000001	0.00023817766000000003	0.89796893	0.00023844465000000001
1.9798059790140567	1.6216000000000002	1.9012709	0.00019917176000000002	0.90336014	0.00019940427
1.9798059790140567	1.6518000000000002	1.9068531	0.0007736084800000001	0.90872122	0.00077356367
1.9798059790140567	1.6820000000000002	1.912053	0.00036003161	0.91372388	0.00035990378000000004
1.9798059790140567	1.7122000000000002	1.9164309	0.0002659503	0.91792349	0.00026589756
1.9798059790140567	1.7424000000000002	1.9213042999999999	0.00025280249	0.92263731	0.00025254995
1.9798059790140567	1.7726000000000002	1.9257427999999999	0.00017135339	0.92693284	0.00017131777
1.9798059790140567	1.8028000000000002	1.9300735999999998	0.00024232238	0.93113616	0.00024256912
1.9798059790140567	1.8330000000000002	1.9333466	0.00012519121	0.93429499	0.00012536184999999999
1.9798059790140567	1.8632000000000002	1.9371009	0.00024844894	0.93794643	0.000248371
1.9798059790140567	1.8934000000000002	1.9404900999999999	0.00017073849999999998	0.9412446	0.00017069870000000002
1.9798059790140567	1.9236000000000002	1.9438623	0.00016760238	0.94453505	0.00016775838000000003
1.9798059790140567	1.9538000000000002	1.9469605	0.00027195559	0.94756005	0.00027189117000000004
1.9798059790140567	1.9840000000000002	1.9498932999999998	0.00010147468	0.95042771	0.00010148843
1.9798059790140567	2.0142	1.9527107	0.00014366089	0.95318701	0.00014358721
1.649892756970797	0.021	1.0157515	0.000037132086	0.24962537	0.00060172302
1.649892756970797	0.0512	1.0383559	0.000084833509	0.26104924	0.00058814598
1.649892756970797	0.0814	1.0607511	0.000071926448	0.27209451	0.00032759758
1.649892756970797	0.1116	1.0834256	0.00015288885	0.28492638	0.0005281939199999999
1.649892756970797	0.1418	1.1055789	0.00017870781	0.2964697	0.00050738143
1.649892756970797	0.17200000000000001	1.1283756999999999	0.00021281305	0.31026907	0.0005249019900000001
1.649892756970797	0.20220000000000002	1.1498996	0.00044338061	0.3214835	0.00095790496
1.649892756970797	0.23240000000000002	1.1727067	0.00043755217000000004	0.3359508	0.00086177289
1.649892756970797	0.2626	1.1936686	0.00013986302	0.34729517	0.00025576484
1.649892756970797	0.2928	1.2161802	0.00021191098	0.3619405	0.00035083304
1.649892756970797	0.323	1.2371912	0.00029809278	0.37444095	0.00047232257
1.649892756970797	0.3532	1.2592759	0.0005335247800000001	0.38911443	0.0008092412100000001
1.649892756970797	0.3834	1.2800515000000001	0.0007046118	0.40222276	0.0010196405
1.649892756970797	0.4136	1.3007448999999998	0.00029371347	0.4156408	0.00040415893
1.649892756970797	0.44380000000000003	1.3205647	0.0002826894	0.42831291	0.00037416679000000004
1.649892756970797	0.47400000000000003	1.340548	0.00053938884	0.44166444	0.00070008378
1.649892756970797	0.5042	1.3608794	0.00062153835	0.4558256	0.00078588271
1.649892756970797	0.5344	1.3819471	0.00032678563	0.47127761	0.00040248570000000003
1.649892756970797	0.5646	1.4004386999999998	0.00030800618000000003	0.48389411	0.00037411921
1.649892756970797	0.5948	1.4201690999999999	0.00021810671	0.49836013	0.00026177978000000004
1.649892756970797	0.625	1.4384175	0.0009552559900000001	0.51140144	0.0011183054000000001
1.649892756970797	0.6552	1.4566670000000002	0.00031895318	0.5248012	0.00036927174000000003
1.649892756970797	0.6854	1.4750745	0.00090472904	0.53868428	0.0010297188
1.649892756970797	0.7156	1.4925616	0.00052634267	0.551832	0.00058659163
1.649892756970797	0.7458	1.5093588999999998	0.001220405	0.56449277	0.0013530712
1.649892756970797	0.776	1.5260619	0.00081039583	0.57732625	0.00089153714
1.649892756970797	0.8062	1.5429422000000002	0.00047947092	0.59061928	0.0005235657299999999
1.649892756970797	0.8364	1.5593894	0.00071137369	0.60370597	0.00076626806
1.649892756970797	0.8666	1.5741874999999999	0.0011991853	0.61524246	0.0012881594
1.649892756970797	0.8968	1.5899584999999998	0.0007337244600000001	0.62804482	0.00078284836
1.649892756970797	0.927	1.6058349	0.00069069836	0.64117453	0.00073115385
1.649892756970797	0.9572	1.6218086	0.00072372443	0.6545972	0.00076046604
1.649892756970797	0.9874	1.6355027999999998	0.00081307126	0.66581432	0.00084978986
1.649892756970797	1.0176	1.6482781	0.00056818319	0.67624529	0.0005936876599999999
1.649892756970797	1.0478	1.6626495	0.00069418901	0.68852639	0.00072211313
1.649892756970797	1.078	1.6743316	0.00063967609	0.69816118	0.00066076201
1.649892756970797	1.1082	1.6877266	0.00071535057	0.70973462	0.00073634704
1.649892756970797	1.1384	1.6994217	0.00068085073	0.71968809	0.00069954302
1.649892756970797	1.1686	1.7106736	0.00061879696	0.72932232	0.00063366902
1.649892756970797	1.1988	1.7229404000000001	0.0006000488699999999	0.74012711	0.00061411903
1.649892756970797	1.229	1.7338049	0.0002654307	0.74960937	0.00027031296
1.649892756970797	1.2592	1.7442916	0.00074371269	0.75881966	0.00075784992
1.649892756970797	1.2894	1.7552137	0.00040475149	0.76856874	0.0004126992
1.649892756970797	1.3196	1.7653466	0.00040131795	0.77761257	0.00040765417
1.649892756970797	1.3498	1.7759711	0.0005917692300000001	0.78724124	0.0005985201999999999
1.649892756970797	1.3800000000000001	1.7838203	0.00042540113	0.79413735	0.00043073804999999997
1.649892756970797	1.4102000000000001	1.7937760999999999	0.00064963637	0.80324578	0.0006564577000000001
1.649892756970797	1.4404000000000001	1.8031510000000002	0.00058389191	0.81183448	0.00058832858
1.649892756970797	1.4706000000000001	1.8098645999999998	0.00054245772	0.81780422	0.0005473301000000001
1.649892756970797	1.5008000000000001	1.8193213	0.00053295229	0.8265994	0.0005364093599999999
1.649892756970797	1.5310000000000001	1.8262846	0.00035557312000000004	0.83293953	0.00035690482000000004
1.649892756970797	1.5612000000000001	1.8335378999999998	0.00045216289999999997	0.83962217	0.00045466777000000003
1.649892756970797	1.5914000000000001	1.8416677000000001	0.00066522857	0.84723499	0.00066832331
1.649892756970797	1.6216000000000002	1.8481705000000002	0.0002592538	0.85325491	0.00025988625999999996
1.649892756970797	1.6518000000000002	1.8545656999999998	0.00043714089	0.85920933	0.00043907903
1.649892756970797	1.6820000000000002	1.8608992	0.0006346295600000001	0.86514033	0.0006363810800000001
1.649892756970797	1.7122000000000002	1.8669522	0.00051380276	0.87082327	0.00051571282
1.649892756970797	1.7424000000000002	1.8728766	0.00025594006000000005	0.87640749	0.00025677584
1.649892756970797	1.7726000000000002	1.8791084999999998	0.00021272321	0.88233107	0.0002128697
1.649892756970797	1.8028000000000002	1.8839545	0.00021606771	0.88689273	0.00021664432000000002
1.649892756970797	1.8330000000000002	1.8900017999999998	0.00049244739	0.89268117	0.00049299811
1.649892756970797	1.8632000000000002	1.8945846999999998	0.00038986974	0.89702612	0.00039046616
1.649892756970797	1.8934000000000002	1.8987629	0.00036079749	0.90098574	0.00036101214999999996
1.649892756970797	1.9236000000000002	1.9039072000000001	0.00040966390000000003	0.90593204	0.00040998062
1.649892756970797	1.9538000000000002	1.9084006	0.00023965277	0.91024443	0.00023961838
1.649892756970797	1.9840000000000002	1.9123808	0.00013717829000000001	0.914059	0.0001374132
1.649892756970797	2.0142	1.9168903000000002	0.0002101449	0.91841802	0.00021040739
1.4142271248762552	0.021	1.0137447	0.000025019757	0.24916916	0.00046350405
1.4142271248762552	0.0512	1.0335455	0.000023581197000000002	0.25962951	0.00019000692
1.4142271248762552	0.0814	1.0533576	0.000044232684000000004	0.27024296	0.00022997647
1.4142271248762552	0.1116	1.0730835	0.000048718865	0.28073317	0.00018586462
1.4142271248762552	0.1418	1.0929148	0.000078460005	0.29190254	0.00024912948
1.4142271248762552	0.17200000000000001	1.1119979	0.00017436688	0.30126486	0.00047480111000000006
1.4142271248762552	0.20220000000000002	1.1314305	0.00019987816	0.31216748	0.00048289200999999997
1.4142271248762552	0.23240000000000002	1.1510515000000001	0.00024306154999999998	0.32386577	0.00052207903
1.4142271248762552	0.2626	1.1700162	0.00025186881	0.3345035	0.00049729322
1.4142271248762552	0.2928	1.1889905	0.00019896984000000002	0.34559499	0.00036709402
1.4142271248762552	0.323	1.2089825	0.0002025438	0.35883229	0.00034630056
1.4142271248762552	0.3532	1.226971	0.0005360265400000001	0.36893214	0.0008788082600000001
1.4142271248762552	0.3834	1.2457867999999999	0.00030662215	0.38081221	0.00047929786000000004
1.4142271248762552	0.4136	1.2643030999999998	0.00034201578	0.39257064	0.00051003914
1.4142271248762552	0.44380000000000003	1.2831519	0.0005434312300000001	0.40512826	0.0007837577300000001
1.4142271248762552	0.47400000000000003	1.3015021	0.00038933581	0.41725595	0.00054400006
1.4142271248762552	0.5042	1.3192133	0.0006611109400000001	0.4288198	0.00088433163
1.4142271248762552	0.5344	1.3369047	0.00054220886	0.44066951	0.00071634474
1.4142271248762552	0.5646	1.3534408	0.00017809125000000002	0.45134696	0.00022802204
1.4142271248762552	0.5948	1.3716529999999998	0.00036937241	0.46448175	0.00046355003
1.4142271248762552	0.625	1.3887905	0.00082953402	0.47650918	0.0010205653
1.4142271248762552	0.6552	1.4053545	0.00052611434	0.48813658	0.00063697106
1.4142271248762552	0.6854	1.4212325000000001	0.00051964833	0.49920978	0.0006144387500000001
1.4142271248762552	0.7156	1.4374432000000001	0.00048138456000000005	0.51095789	0.00056230651
1.4142271248762552	0.7458	1.4539624	0.0005599423999999999	0.52330896	0.00064648759
1.4142271248762552	0.776	1.4693562	0.0006082598500000001	0.534595	0.00069522797
1.4142271248762552	0.8062	1.4849427000000002	0.0013544748	0.54634773	0.0015285302
1.4142271248762552	0.8364	1.5003266000000002	0.00035246108	0.55809069	0.00039151075
1.4142271248762552	0.8666	1.5163905999999998	0.00035392903	0.57079049	0.00039059609
1.4142271248762552	0.8968	1.5315999	0.00069032639	0.58273854	0.00075731351
1.4142271248762552	0.927	1.5467602999999999	0.00051723049	0.59482312	0.0005636393699999999
1.4142271248762552	0.9572	1.5586978	0.00028701986000000004	0.60360482	0.00031338902000000005
1.4142271248762552	0.9874	1.5724932	0.00057816724	0.61459392	0.00061943209
1.4142271248762552	1.0176	1.5869076	0.00032496398	0.62640984	0.000345984
1.4142271248762552	1.0478	1.6001732	0.00086438511	0.63715163	0.0009186158800000001
1.4142271248762552	1.078	1.6129379	0.00048216615	0.64753697	0.00051001954
1.4142271248762552	1.1082	1.6253864	0.00031604344000000004	0.65772992	0.00033270624
1.4142271248762552	1.1384	1.6368799	0.00044465456	0.66707527	0.00046665614
1.4142271248762552	1.1686	1.6490395999999998	0.00063233255	0.67724895	0.00066016982
1.4142271248762552	1.1988	1.6601241	0.00038453371	0.68643784	0.00040167454000000004
1.4142271248762552	1.229	1.6717833000000002	0.00096012718	0.69635123	0.0009940383699999999
1.4142271248762552	1.2592	1.6831936	0.00039306917000000004	0.70611594	0.00040565834000000004
1.4142271248762552	1.2894	1.693726	0.0005155991800000001	0.7150803	0.0005314047600000001
1.4142271248762552	1.3196	1.7041401	0.00044922901999999997	0.72403623	0.00046245548
1.4142271248762552	1.3498	1.715033	0.0005943404	0.73357959	0.00061036998
1.4142271248762552	1.3800000000000001	1.7242277000000001	0.00066633113	0.74147378	0.00068147222
1.4142271248762552	1.4102000000000001	1.7346977	0.00054351518	0.75076001	0.0005548339100000001
1.4142271248762552	1.4404000000000001	1.7437663	0.00033530223999999996	0.75869788	0.00034181285
1.4142271248762552	1.4706000000000001	1.7516420999999998	0.00036249255000000004	0.76550284	0.00036890975
1.4142271248762552	1.5008000000000001	1.7623871999999998	0.00061770635	0.77529291	0.00062892173
1.4142271248762552	1.5310000000000001	1.7699747	0.00041485432	0.78194995	0.00042051397000000004
1.4142271248762552	1.5612000000000001	1.7780828000000002	0.00017535389000000002	0.78919801	0.00017769908
1.4142271248762552	1.5914000000000001	1.7869155	0.0005804155800000001	0.79724002	0.00058789616
1.4142271248762552	1.6216000000000002	1.7940456	0.00047326797999999997	0.80361857	0.00047878197000000004
1.4142271248762552	1.6518000000000002	1.8020865	0.00069701032	0.81096874	0.00070412992
1.4142271248762552	1.6820000000000002	1.8092620000000001	0.00024426545	0.81749325	0.00024635312
1.4142271248762552	1.7122000000000002	1.816065	0.00028548999000000005	0.82369133	0.00028738743
1.4142271248762552	1.7424000000000002	1.8230785999999999	0.0003990025	0.83014378	0.00040120647
1.4142271248762552	1.7726000000000002	1.8296292	0.00044873147000000003	0.83617318	0.00045158155
1.4142271248762552	1.8028000000000002	1.8359181999999998	0.00048464446	0.84197713	0.00048727997
1.4142271248762552	1.8330000000000002	1.8415069000000002	0.00054696196	0.84711121	0.00055001611
1.4142271248762552	1.8632000000000002	1.8473209	0.00037577555000000004	0.85250539	0.00037783712
1.4142271248762552	1.8934000000000002	1.853208	0.00021571933	0.85800365	0.00021653501
1.4142271248762552	1.9236000000000002	1.8588233	0.00056859293	0.86325852	0.0005711454200000001
1.4142271248762552	1.9538000000000002	1.8639237	0.00036277345	0.86802402	0.00036422506
1.4142271248762552	1.9840000000000002	1.8700797999999998	0.00069808109	0.87387246	0.0007000960000000001
1.4142271248762552	2.0142	1.8747463	0.00057706419	0.87825053	0.0005786679
1.2374706100730108	0.021	1.0121771	0.000017972509000000002	0.24888139	0.00037170226
1.2374706100730108	0.0512	1.0296937000000002	0.000021542102	0.25793012	0.00018968808
1.2374706100730108	0.0814	1.0472235	0.000033193843000000005	0.26723482	0.00019018251
1.2374706100730108	0.1116	1.0646616	0.00013035995	0.27630208	0.00056597804
1.2374706100730108	0.1418	1.0820794999999999	0.000063176044	0.28565557	0.00022439447
1.2374706100730108	0.17200000000000001	1.0993659999999998	0.000075158752	0.2948937	0.00022502621
1.2374706100730108	0.20220000000000002	1.1168704999999999	0.000095150975	0.30506032	0.00025124661
1.2374706100730108	0.23240000000000002	1.1343033	0.00017846154	0.31522306	0.00041790500000000005
1.2374706100730108	0.2626	1.1513704	0.00025815465	0.32480811	0.00055972705
1.2374706100730108	0.2928	1.1683216	0.00031023233	0.33447366	0.00062298032
1.2374706100730108	0.323	1.1849707	0.00049904455	0.34390255	0.0009341826
1.2374706100730108	0.3532	1.2018299000000001	0.00043821375	0.35404264	0.00077482164
1.2374706100730108	0.3834	1.2191924	0.00050571871	0.36531004	0.00085222022
1.2374706100730108	0.4136	1.2355246	0.00012770438000000002	0.37509907	0.00020345744
1.2374706100730108	0.44380000000000003	1.2525138999999998	0.00020267014	0.38619215	0.00030958306
1.2374706100730108	0.47400000000000003	1.2685320999999998	0.00029726333	0.39607032	0.00044028295
1.2374706100730108	0.5042	1.2850247000000001	0.00034628376	0.40691556	0.00049497299
1.2374706100730108	0.5344	1.3011489	0.00052332557	0.41747771	0.00073374966
1.2374706100730108	0.5646	1.3172178	0.00063369876	0.42821061	0.0008606463800000001
1.2374706100730108	0.5948	1.3315061	0.00026585483	0.43682009	0.00035273595
1.2374706100730108	0.625	1.3481215999999998	0.00051298663	0.4487589	0.00066551803
1.2374706100730108	0.6552	1.3637539	0.00069548197	0.4596275	0.00088348924
1.2374706100730108	0.6854	1.3790158	0.00064307041	0.4702529	0.00079835556
1.2374706100730108	0.7156	1.3938191	0.00018212487	0.48051982	0.00022423979
1.2374706100730108	0.7458	1.4096343999999998	0.00046708516	0.49224094	0.00056371734
1.2374706100730108	0.776	1.4233981	0.00069913341	0.50170317	0.00083227207
1.2374706100730108	0.8062	1.4384829	0.00056812794	0.51293226	0.00066698639
1.2374706100730108	0.8364	1.4520362	0.00023607839	0.52257232	0.00027333509
1.2374706100730108	0.8666	1.465972	0.00035243418	0.53286023	0.00040210109
1.2374706100730108	0.8968	1.4802699	0.00044294455	0.54374324	0.00050322238
1.2374706100730108	0.927	1.4933768	0.00063196229	0.55345189	0.00070964689
1.2374706100730108	0.9572	1.5076601	0.00043334755	0.56465872	0.00048130825
1.2374706100730108	0.9874	1.52027	0.00040014362999999997	0.57415372	0.00044251277
1.2374706100730108	1.0176	1.5343952	0.00093535132	0.5854839	0.0010269368
1.2374706100730108	1.0478	1.5453549	0.00056950719	0.59350072	0.00062223895
1.2374706100730108	1.078	1.5584516000000002	0.00045472556	0.60401338	0.00049139673
1.2374706100730108	1.1082	1.5706153	0.0006344493	0.61364904	0.00068224352
1.2374706100730108	1.1384	1.5816995999999999	0.00024103693000000003	0.62227187	0.00025764447000000003
1.2374706100730108	1.1686	1.5939954	0.00039722569	0.63232043	0.00042309275
1.2374706100730108	1.1988	1.6048272	0.00041013508999999997	0.64093973	0.00043418570000000004
1.2374706100730108	1.229	1.6163622	0.00078601164	0.65042945	0.00082887587
1.2374706100730108	1.2592	1.6278211	0.00061730484	0.65994775	0.0006480860600000001
1.2374706100730108	1.2894	1.6383916	0.00036163804999999997	0.66864871	0.00037662493
1.2374706100730108	1.3196	1.6493601	0.00037287237000000004	0.67786788	0.00038795831
1.2374706100730108	1.3498	1.6583601000000001	0.00061857096	0.68514579	0.00064346932
1.2374706100730108	1.3800000000000001	1.6689524	0.00035161747	0.69417379	0.00036385156000000004
1.2374706100730108	1.4102000000000001	1.6795852999999998	0.00060589249	0.70333458	0.0006264691
1.2374706100730108	1.4404000000000001	1.6895202	0.00028504193	0.71185713	0.00029351811
1.2374706100730108	1.4706000000000001	1.6985106	0.00088254795	0.71949346	0.00090757826
1.2374706100730108	1.5008000000000001	1.7078904000000001	0.00048706794	0.72760862	0.00049982855
1.2374706100730108	1.5310000000000001	1.7163738	0.00042025358	0.73488136	0.0004313187
1.2374706100730108	1.5612000000000001	1.7250732	0.00047753287	0.74244634	0.00048834921
1.2374706100730108	1.5914000000000001	1.7330866999999999	0.0007110530900000001	0.74938328	0.00072620548
1.2374706100730108	1.6216000000000002	1.74173	0.00044208701	0.75702425	0.00045024538
1.2374706100730108	1.6518000000000002	1.7499491	0.00078851419	0.76429785	0.00080280165
1.2374706100730108	1.6820000000000002	1.7579698	0.00029000693	0.77142704	0.00029522685
1.2374706100730108	1.7122000000000002	1.7657712	0.0005713574999999999	0.77838511	0.0005812328500000001
1.2374706100730108	1.7424000000000002	1.7731664999999999	0.00021603748	0.78498375	0.00021933869
1.2374706100730108	1.7726000000000002	1.7803002	0.00026560104	0.79136631	0.00026967325
1.2374706100730108	1.8028000000000002	1.787476	0.00040371381	0.79784132	0.0004086912
1.2374706100730108	1.8330000000000002	1.7938121000000002	0.00018873351	0.80350921	0.00019016384
1.2374706100730108	1.8632000000000002	1.8001367	0.00040020078999999996	0.80920819	0.00040456207
1.2374706100730108	1.8934000000000002	1.8069842999999999	0.00042465441	0.81547714	0.00042898938
1.2374706100730108	1.9236000000000002	1.8128761	0.00070931784	0.82081805	0.00071535372
1.2374706100730108	1.9538000000000002	1.8193082999999999	0.00043270318000000003	0.82673725	0.00043633818
1.2374706100730108	1.9840000000000002	1.8247495999999999	0.00036536244	0.83169241	0.00036802544
1.2374706100730108	2.0142	1.8310249	0.00033616428	0.83751763	0.0003383858
1.099989000109999	0.021	1.0109298999999998	0.000019436556	0.24886476	0.00044710178
1.099989000109999	0.0512	1.026622	0.000060141985	0.25667204	0.0005857056
1.099989000109999	0.0814	1.0424671	0.000076784427	0.2657797	0.00048697914
1.099989000109999	0.1116	1.0581274999999999	0.00011903420000000001	0.27374954	0.0005666095100000001
1.099989000109999	0.1418	1.0737823	0.00014545246000000002	0.28203385	0.00056039711
1.099989000109999	0.17200000000000001	1.0893097999999999	0.00018148882999999998	0.2901533	0.00059263285
1.099989000109999	0.20220000000000002	1.104993	0.00010089736	0.29902578	0.00028816749000000003
1.099989000109999	0.23240000000000002	1.1203234	0.0002265275	0.30716695	0.00058405133
1.099989000109999	0.2626	1.1357983	0.00024947883	0.31597756	0.0005835545
1.099989000109999	0.2928	1.1515933	0.00019671037	0.32568998	0.00042243487
1.099989000109999	0.323	1.1669087	0.00017729795	0.33454369	0.00035655721
1.099989000109999	0.3532	1.1822464000000001	0.00033938748	0.34367828	0.00064269975
1.099989000109999	0.3834	1.1971356	0.00019641666	0.35222506	0.0003512874
1.099989000109999	0.4136	1.2124665	0.0002110328	0.36179811	0.00036416423
1.099989000109999	0.44380000000000003	1.2274967	0.00035375433	0.37105685	0.00058178247
1.099989000109999	0.47400000000000003	1.2422254000000001	0.00026225637000000003	0.38005585	0.00041481371
1.099989000109999	0.5042	1.2574125	0.00016189176999999998	0.38998587	0.0002448237
1.099989000109999	0.5344	1.2725431	0.00026116402	0.40000097	0.00038592676
1.099989000109999	0.5646	1.2867589	0.00021248435	0.40888592	0.00030141457999999997
1.099989000109999	0.5948	1.3007871	0.00022614063	0.41772618	0.00031329763999999997
1.099989000109999	0.625	1.3152100999999998	0.00023308073000000002	0.42734024	0.00031603459
1.099989000109999	0.6552	1.3293290999999998	0.00020916807000000002	0.43674109	0.0002778544
1.099989000109999	0.6854	1.3433533	0.00020462570999999998	0.44621103	0.00026439385
1.099989000109999	0.7156	1.3570357	0.00030391736000000004	0.45543047	0.00038864669000000004
1.099989000109999	0.7458	1.3709893000000002	0.00025720596	0.46518699	0.00032507369000000006
1.099989000109999	0.776	1.3851192	0.00035070369	0.47533715	0.00043297356999999996
1.099989000109999	0.8062	1.3977576999999999	0.00053193859	0.48381052	0.00064750563
1.099989000109999	0.8364	1.4112992	0.00058531793	0.49357827	0.00070134129
1.099989000109999	0.8666	1.4242707	0.00038610362	0.50281986	0.0004600197
1.099989000109999	0.8968	1.4374766	0.00057650421	0.51251326	0.00067835839
1.099989000109999	0.927	1.4508672	0.00045484447	0.52256818	0.0005250284600000001
1.099989000109999	0.9572	1.4622086	0.00054651208	0.5304012	0.0006285043
1.099989000109999	0.9874	1.476077	0.00023437595000000002	0.54129652	0.00026687144000000004
1.099989000109999	1.0176	1.4876995000000002	0.00030112386	0.54977377	0.00033945714
1.099989000109999	1.0478	1.5006702	0.00046870835	0.55991143	0.00052428237
1.099989000109999	1.078	1.5114146000000002	0.00048015975	0.56769872	0.00053354698
1.099989000109999	1.1082	1.523137	0.0006392723300000001	0.57671379	0.0007041365400000001
1.099989000109999	1.1384	1.5342740999999998	0.00041034088000000004	0.58521295	0.00044999474
1.099989000109999	1.1686	1.5450091	0.00062460191	0.59341053	0.00067929783
1.099989000109999	1.1988	1.5572298	0.00060423843	0.60333728	0.00065319488
1.099989000109999	1.229	1.5679526999999998	0.00035148851	0.61175383	0.00037994663
1.099989000109999	1.2592	1.5788529000000002	0.0007302790700000001	0.62047464	0.00078217996
1.099989000109999	1.2894	1.5897728	0.00054207339	0.62932502	0.00057913284
1.099989000109999	1.3196	1.5999138	0.00024271583	0.63744746	0.00025789268
1.099989000109999	1.3498	1.6095053000000001	0.00035764901	0.64509483	0.00037878819
1.099989000109999	1.3800000000000001	1.6201737	0.00038689468	0.65397164	0.00040764295
1.099989000109999	1.4102000000000001	1.6301882	0.00047526402	0.66225259	0.0004982187000000001
1.099989000109999	1.4404000000000001	1.6400683999999999	0.00027514564	0.6704784	0.00028782072
1.099989000109999	1.4706000000000001	1.6490233	0.00031280362	0.6778231	0.0003253297
1.099989000109999	1.5008000000000001	1.6570613	0.0006324431499999999	0.68429696	0.00065818066
1.099989000109999	1.5310000000000001	1.6670268999999998	0.00057960556	0.69286125	0.00060141343
1.099989000109999	1.5612000000000001	1.6761873	0.00061714043	0.70065757	0.00063890298
1.099989000109999	1.5914000000000001	1.6850271	0.00041594594	0.70819417	0.00043008507
1.099989000109999	1.6216000000000002	1.6929216	0.0005406273900000001	0.71482688	0.0005572532200000001
1.099989000109999	1.6518000000000002	1.7015526	0.00046718401999999997	0.72228222	0.00048075633
1.099989000109999	1.6820000000000002	1.7091778	0.00046304048	0.72876856	0.0004754712
1.099989000109999	1.7122000000000002	1.7179307	0.00043486088000000003	0.73647586	0.00044624701
1.099989000109999	1.7424000000000002	1.7250417000000002	0.00044184218	0.74255373	0.00045172973
1.099989000109999	1.7726000000000002	1.7329759999999998	0.00071515827	0.7495321	0.00073098377
1.099989000109999	1.8028000000000002	1.7410387999999999	0.00022692627000000002	0.75669178	0.00023149049
1.099989000109999	1.8330000000000002	1.7473757	0.00050999458	0.76213986	0.00051995442
1.099989000109999	1.8632000000000002	1.7547769	0.00055429082	0.76872343	0.0005644546499999999
1.099989000109999	1.8934000000000002	1.7610713	0.00028883182	0.77422581	0.00029305394
1.099989000109999	1.9236000000000002	1.7679661999999998	0.00022417925	0.78038236	0.00022746254
1.099989000109999	1.9538000000000002	1.7747523	0.00040386699	0.78646952	0.00041000935
1.099989000109999	1.9840000000000002	1.7809071	0.00035946293000000003	0.79195805	0.00036409067
1.099989000109999	2.0142	1.7869154	0.0006426849300000001	0.79733457	0.00065047977
0.99000099000099	0.021	1.0099155	0.000012132429	0.24900189	0.0003066846
0.99000099000099	0.0512	1.0241703	0.000030598764000000004	0.25624693	0.00032678761
0.99000099000099	0.0814	1.0384161	0.000045394253000000005	0.26360351	0.00031377971
0.99000099000099	0.1116	1.0526292	0.000067848789	0.27096549	0.00035133277
0.99000099000099	0.1418	1.0668201	0.00010652196	0.2784535	0.00044669075000000006
0.99000099000099	0.17200000000000001	1.0812144	0.0001061959	0.28686605	0.00037660737
0.99000099000099	0.20220000000000002	1.0953585000000001	0.00011304401	0.2944893	0.00035166911000000003
0.99000099000099	0.23240000000000002	1.1093549	0.000029957798000000004	0.30191352	0.000081672122
0.99000099000099	0.2626	1.1234434	0.000083123823	0.30983429	0.00021023133
0.99000099000099	0.2928	1.1375232	0.000059387031000000004	0.3179185	0.00014084334
0.99000099000099	0.323	1.1517114	0.00020780044	0.32640275	0.00044913057
0.99000099000099	0.3532	1.1657026	0.000077907564	0.33462802	0.00015996539000000002
0.99000099000099	0.3834	1.1794507	0.00011945762000000001	0.34255827	0.00022896006
0.99000099000099	0.4136	1.1932555	0.00021468556	0.35079611	0.00039061755
0.99000099000099	0.44380000000000003	1.2067703	0.00026256418999999996	0.35871936	0.00045806427
0.99000099000099	0.47400000000000003	1.2203333	0.00026423342	0.36692681	0.00044166433
0.99000099000099	0.5042	1.2345007	0.00023615707000000001	0.37629643	0.00038003850000000003
0.99000099000099	0.5344	1.2475618	0.00018507146	0.38405693	0.00029000967
0.99000099000099	0.5646	1.2608905000000001	0.00027940475999999997	0.39243709	0.00042258255
0.99000099000099	0.5948	1.2741266000000002	0.00035325035	0.40085502	0.0005174292099999999
0.99000099000099	0.625	1.2870549	0.00034845064	0.40901141	0.00049677659
0.99000099000099	0.6552	1.3007453	0.00040725023	0.41840864	0.00056695958
0.99000099000099	0.6854	1.3131149	0.00037961982	0.42613457	0.00051917395
0.99000099000099	0.7156	1.3267145999999999	0.00039051827	0.4357007	0.0005225602499999999
0.99000099000099	0.7458	1.3396706999999999	0.00058551116	0.44454047	0.0007683782099999999
0.99000099000099	0.776	1.3520583	0.00038675275999999997	0.45279265	0.00049853953
0.99000099000099	0.8062	1.3639932	0.00027556575	0.46064092	0.00035125757
0.99000099000099	0.8364	1.3775271	0.00028431906000000003	0.47065838	0.00035642719000000003
0.99000099000099	0.8666	1.389431	0.00035613565000000005	0.47877646	0.00043790946
0.99000099000099	0.8968	1.4013819	0.00024266512000000002	0.48710206	0.00029471849
0.99000099000099	0.927	1.4138301	0.00042623994999999997	0.4961759	0.00051175697
0.99000099000099	0.9572	1.4248594	0.00074586023	0.50368572	0.00088522607
0.99000099000099	0.9874	1.4367092000000001	0.00028463522000000003	0.51231815	0.00033351922
0.99000099000099	1.0176	1.4487879000000001	0.0005755507600000001	0.52134657	0.0006684257300000001
0.99000099000099	1.0478	1.4593601	0.00054995929	0.52875173	0.00063402817
0.99000099000099	1.078	1.4700627	0.0005986473300000001	0.53645346	0.00068287955
0.99000099000099	1.1082	1.4822086	0.0005403699800000001	0.54591746	0.00061261262
0.99000099000099	1.1384	1.4926531	0.00026171318	0.55356737	0.00029454431
0.99000099000099	1.1686	1.5038776	0.00033450435	0.56221398	0.00037410861
0.99000099000099	1.1988	1.51472	0.00044318084000000005	0.57054267	0.00049055576
0.99000099000099	1.229	1.5250933	0.00033306034000000004	0.57845785	0.00036816276999999996
0.99000099000099	1.2592	1.5360595	0.00043257493000000005	0.58713246	0.00047287117
0.99000099000099	1.2894	1.5457313	0.00038868250999999997	0.5944912	0.00042227449000000004
0.99000099000099	1.3196	1.5561567	0.0002271401	0.6027721	0.0002455967
0.99000099000099	1.3498	1.5658248	0.00023221664	0.61032697	0.00025038586000000003
0.99000099000099	1.3800000000000001	1.576028	0.00053611016	0.61855311	0.0005753416700000001
0.99000099000099	1.4102000000000001	1.5862017000000002	0.00033390065000000004	0.62683112	0.00035689816000000004
0.99000099000099	1.4404000000000001	1.5948929	0.00032366071	0.63361351	0.00034483102
0.99000099000099	1.4706000000000001	1.6041301	0.00082790906	0.6410651	0.0008778045
0.99000099000099	1.5008000000000001	1.612625	0.00051999233	0.64781441	0.00054979186
0.99000099000099	1.5310000000000001	1.6224311999999999	0.00031316736	0.65602826	0.00032946835000000004
0.99000099000099	1.5612000000000001	1.6308394000000002	0.00037691503	0.66284369	0.00039606314
0.99000099000099	1.5914000000000001	1.6396546	0.00015238876000000002	0.6701557	0.00015922919
0.99000099000099	1.6216000000000002	1.6480852	0.00027522424000000004	0.67714025	0.00028725024
0.99000099000099	1.6518000000000002	1.6566728	0.00045300702	0.68435705	0.00047128872
0.99000099000099	1.6820000000000002	1.6645292999999999	0.00049021111	0.69087461	0.00050941172
0.99000099000099	1.7122000000000002	1.6731755000000001	0.00027602001	0.69827747	0.00028607725
0.99000099000099	1.7424000000000002	1.6809234000000002	0.00037228014	0.70481009	0.00038575764
0.99000099000099	1.7726000000000002	1.688542	0.00067670619	0.71126517	0.00069894008
0.99000099000099	1.8028000000000002	1.6962186000000001	0.00069551957	0.71783574	0.00071676856
0.99000099000099	1.8330000000000002	1.7042437	0.00024275252	0.72481943	0.00024988656000000004
0.99000099000099	1.8632000000000002	1.7114609	0.00054211511	0.73101964	0.00055712409
0.99000099000099	1.8934000000000002	1.7180814	0.00016849029	0.73666007	0.00017288097
0.99000099000099	1.9236000000000002	1.725314	0.00031309742000000003	0.7429766	0.00032099905
0.99000099000099	1.9538000000000002	1.7316358	0.00024178047999999999	0.7484061	0.00024697669
0.99000099000099	1.9840000000000002	1.7385631	0.00018091758	0.75449891	0.00018434201
0.99000099000099	2.0142	1.7451187000000001	0.00042767722000000005	0.76025307	0.00043620503
