"tempβ"	"μ"	"density"	"err"	"doublon"	"err"
33.333333333333336	-7.021	0.	0.	0.	0.
33.333333333333336	-6.9808	0.	0.	0.	0.
33.333333333333336	-6.940600000000001	0.	0.	0.	0.
33.333333333333336	-6.900400000000001	0.	0.	0.	0.
33.333333333333336	-6.860200000000002	0.	0.	0.	0.
33.333333333333336	-6.820000000000002	0.	0.	0.	0.
33.333333333333336	-6.7798000000000025	0.	0.	0.	0.
33.333333333333336	-6.739600000000003	0.	0.	0.	0.
33.333333333333336	-6.699400000000003	0.	0.	0.	0.
33.333333333333336	-6.659200000000004	0.	0.	0.	0.
33.333333333333336	-6.619000000000004	0.	0.	0.	0.
33.333333333333336	-6.578800000000005	0.	0.	0.	0.
33.333333333333336	-6.538600000000005	0.	0.	0.	0.
33.333333333333336	-6.4984000000000055	0.	0.	0.	0.
33.333333333333336	-6.458200000000006	0.	0.	0.	0.
33.333333333333336	-6.418000000000006	0.	0.	0.	0.
33.333333333333336	-6.377800000000007	0.	0.	0.	0.
33.333333333333336	-6.337600000000007	0.	0.	0.	0.
33.333333333333336	-6.297400000000008	0.	0.	0.	0.
33.333333333333336	-6.257200000000008	0.	0.	0.	0.
33.333333333333336	-6.2170000000000085	0.	0.	0.	0.
33.333333333333336	-6.176800000000009	0.	0.	0.	0.
33.333333333333336	-6.136600000000009	0.	0.	0.	0.
33.333333333333336	-6.09640000000001	0.	0.	0.	0.
33.333333333333336	-6.05620000000001	0.	0.	0.	0.
33.333333333333336	-6.016000000000011	0.	0.	0.	0.
33.333333333333336	-5.975800000000011	0.	0.	0.	0.
33.333333333333336	-5.9356000000000115	0.	0.	0.	0.
33.333333333333336	-5.895400000000012	0.	0.	0.	0.
33.333333333333336	-5.855200000000012	0.	0.	0.	0.
33.333333333333336	-5.815000000000013	0.	0.	0.	0.
33.333333333333336	-5.774800000000013	0.	0.	0.	0.
33.333333333333336	-5.734600000000014	0.	0.	0.	0.
33.333333333333336	-5.694400000000014	0.	0.	0.	0.
33.333333333333336	-5.6542000000000145	0.	0.	0.	0.
33.333333333333336	-5.614000000000015	0.	0.	0.	0.
33.333333333333336	-5.573800000000015	0.	0.	0.	0.
33.333333333333336	-5.533600000000016	0.	0.	0.	0.
33.333333333333336	-5.493400000000016	0.	0.	0.	0.
33.333333333333336	-5.453200000000017	0.	0.	0.	0.
33.333333333333336	-5.413000000000017	0.	0.	0.	0.
33.333333333333336	-5.372800000000018	0.	0.	0.	0.
33.333333333333336	-5.332600000000018	0.	0.	0.	0.
33.333333333333336	-5.292400000000018	0.	0.	0.	0.
33.333333333333336	-5.252200000000019	0.	0.	0.	0.
33.333333333333336	-5.212000000000019	0.	0.	0.	0.
33.333333333333336	-5.17180000000002	0.	0.	0.	0.
33.333333333333336	-5.13160000000002	0.	0.	0.	0.
33.333333333333336	-5.091400000000021	0.	0.	0.	0.
33.333333333333336	-5.051200000000021	0.	0.	0.	0.
33.333333333333336	-5.011000000000021	0.	0.	0.	0.
33.333333333333336	-4.970800000000022	0.	0.	0.	0.
33.333333333333336	-4.930600000000022	0.	0.	0.	0.
33.333333333333336	-4.890400000000023	0.	0.	0.	0.
33.333333333333336	-4.850200000000023	0.	0.	0.	0.
33.333333333333336	-4.810000000000024	0.	0.	0.	0.
33.333333333333336	-4.769800000000024	0.	0.	0.	0.
33.333333333333336	-4.7296000000000245	0.	0.	0.	0.
33.333333333333336	-4.689400000000025	0.	0.	0.	0.
33.333333333333336	-4.649200000000025	0.	0.	0.	0.
33.333333333333336	-4.609000000000026	0.	0.	0.	0.
33.333333333333336	-4.568800000000026	0.	0.	0.	0.
33.333333333333336	-4.528600000000027	0.	0.	0.	0.
33.333333333333336	-4.488400000000027	0.	0.	0.	0.
33.333333333333336	-4.4482000000000275	0.	0.	0.	0.
33.333333333333336	-4.408000000000028	0.	0.	0.	0.
33.333333333333336	-4.367800000000028	0.	0.	0.	0.
33.333333333333336	-4.327600000000029	0.	0.	0.	0.
33.333333333333336	-4.287400000000029	0.	0.	0.	0.
33.333333333333336	-4.24720000000003	0.	0.	0.	0.
33.333333333333336	-4.20700000000003	0.	0.	0.	0.
33.333333333333336	-4.1668000000000305	0.	0.	0.	0.
33.333333333333336	-4.126600000000031	0.	0.	0.	0.
33.333333333333336	-4.086400000000031	0.	0.	0.	0.
33.333333333333336	-4.046200000000032	0.	0.	0.	0.
33.333333333333336	-4.006000000000032	0.	0.	0.	0.
33.333333333333336	-3.965800000000032	0.	0.	0.	0.
33.333333333333336	-3.925600000000032	0.	0.	0.	0.
33.333333333333336	-3.885400000000032	0.	0.	0.	0.
33.333333333333336	-3.845200000000032	0.	0.	0.	0.
33.333333333333336	-3.805000000000032	0.	0.	0.	0.
33.333333333333336	-3.764800000000032	0.	0.	0.	0.
33.333333333333336	-3.724600000000032	0.	0.	0.	0.
33.333333333333336	-3.684400000000032	0.	0.	0.	0.
33.333333333333336	-3.644200000000032	0.	0.	0.	0.
33.333333333333336	-3.604000000000032	0.	0.	0.	0.
33.333333333333336	-3.563800000000032	0.	0.	0.	0.
33.333333333333336	-3.523600000000032	0.	0.	0.	0.
33.333333333333336	-3.483400000000032	0.	0.	0.	0.
33.333333333333336	-3.443200000000032	0.	0.	0.	0.
33.333333333333336	-3.403000000000032	0.	0.	0.	0.
33.333333333333336	-3.362800000000032	0.	0.	0.	0.
33.333333333333336	-3.322600000000032	0.	0.	0.	0.
33.333333333333336	-3.282400000000032	0.	0.	0.	0.
33.333333333333336	-3.242200000000032	0.	0.	0.	0.
33.333333333333336	-3.202000000000032	0.	0.	0.	0.
33.333333333333336	-3.161800000000032	0.	0.	0.	0.
33.333333333333336	-3.121600000000032	0.	0.	0.	0.
33.333333333333336	-3.081400000000032	0.	0.	0.	0.
33.333333333333336	-3.041200000000032	0.	0.	0.	0.
33.333333333333336	-3.001000000000032	0.	0.	0.	0.
33.333333333333336	-2.960800000000032	0.	0.	0.	0.
33.333333333333336	-2.920600000000032	0.	0.	0.	0.
33.333333333333336	-2.880400000000032	0.	0.	0.	0.
33.333333333333336	-2.840200000000032	0.	0.	0.	0.
33.333333333333336	-2.800000000000032	0.	0.	0.	0.
33.333333333333336	-2.759800000000032	0.	0.	0.	0.
33.333333333333336	-2.7196000000000318	0.	0.	0.	0.
33.333333333333336	-2.6794000000000318	0.	0.	0.	0.
33.333333333333336	-2.6392000000000317	0.	0.	0.	0.
33.333333333333336	-2.5990000000000317	0.	0.	0.	0.
33.333333333333336	-2.5588000000000317	0.	0.	0.	0.
33.333333333333336	-2.5186000000000317	0.	0.	0.	0.
33.333333333333336	-2.4784000000000317	0.	0.	0.	0.
33.333333333333336	-2.4382000000000317	0.	0.	0.	0.
33.333333333333336	-2.3980000000000317	0.	0.	0.	0.
33.333333333333336	-2.3578000000000316	0.	0.	0.	0.
33.333333333333336	-2.3176000000000316	0.	0.	0.	0.
33.333333333333336	-2.2774000000000316	0.	0.	0.	0.
33.333333333333336	-2.2372000000000316	0.	0.	0.	0.
33.333333333333336	-2.1970000000000316	0.	0.	0.	0.
33.333333333333336	-2.1568000000000316	0.	0.	0.	0.
33.333333333333336	-2.1166000000000316	0.	0.	0.	0.
33.333333333333336	-2.0764000000000316	0.	0.	0.	0.
33.333333333333336	-2.0362000000000315	0.	0.	0.	0.
33.333333333333336	-1.9960000000000315	0.	0.	0.	0.
33.333333333333336	-1.9558000000000315	0.	0.	0.	0.
33.333333333333336	-1.9156000000000315	0.	0.	0.	0.
33.333333333333336	-1.8754000000000315	0.	0.	0.	0.
33.333333333333336	-1.8352000000000315	0.	0.	0.	0.
33.333333333333336	-1.7950000000000315	0.	0.	0.	0.
33.333333333333336	-1.7548000000000314	0.	0.	0.	0.
33.333333333333336	-1.7146000000000314	0.	0.	0.	0.
33.333333333333336	-1.6744000000000314	1.3322676e-17	1.3298101000000002e-18	0.	0.
33.333333333333336	-1.6342000000000314	1.9191246000000002e-16	2.0745364000000003e-18	5.987716199999999e-33	2.4428582e-34
33.333333333333336	-1.5940000000000314	7.6919374e-16	1.1820374e-17	1.0409843999999999e-31	2.5018237999999997e-33
33.333333333333336	-1.5538000000000314	2.9854071e-15	4.3932763e-17	1.6024854000000002e-30	3.4692466e-32
33.333333333333336	-1.5136000000000314	1.1402163999999999e-14	1.6848053e-16	2.3379405000000001e-29	5.006872199999999e-31
33.333333333333336	-1.4734000000000314	4.3541004e-14	6.452819300000001e-16	3.4089445e-28	7.3387182e-30
33.333333333333336	-1.4332000000000313	1.6628756e-13	2.4618325e-15	4.9722527e-27	1.0690749e-28
33.333333333333336	-1.3930000000000313	6.350565599999999e-13	9.4011273e-15	7.252021099999999e-26	1.5596766999999999e-27
33.333333333333336	-1.3528000000000313	2.4253103999999997e-12	3.5902147e-14	1.0577187e-24	2.2748066999999997e-26
33.333333333333336	-1.3126000000000313	9.2623687e-12	1.3711209e-13	1.5426925999999998e-23	3.3177954e-25
33.333333333333336	-1.2724000000000313	3.5373415000000003e-11	5.236360399999999e-13	2.2500351e-22	4.839004700000001e-24
33.333333333333336	-1.2322000000000313	1.3509270000000003e-10	1.9997924999999997e-12	3.2817014e-21	7.0577331e-23
33.333333333333336	-1.1920000000000313	5.1592525e-10	7.6372965e-12	4.7863985999999994e-20	1.0293770999999999e-21
33.333333333333336	-1.1518000000000312	1.9703422000000003e-9	2.9167186e-11	6.9810157e-19	1.5013585e-20
33.333333333333336	-1.1116000000000312	7.5248263e-9	1.1139077000000001e-10	1.0181887e-17	2.1897471e-19
33.333333333333336	-1.0714000000000312	2.8737637e-8	4.2540568e-10	1.4850376000000004e-16	3.1937644e-18
33.333333333333336	-1.0312000000000312	1.0975005999999999e-7	1.6246321999999999e-9	2.165933e-15	4.6581073e-17
33.333333333333336	-0.9910000000000312	4.1913622999999996e-7	6.204374200000001e-9	3.1589756e-14	6.793711e-16
33.333333333333336	-0.9508000000000312	1.6006375000000003e-6	2.3692298e-8	4.6070555e-13	9.9076402e-15
33.333333333333336	-0.9106000000000312	6.106009500000001e-6	8.6300012e-8	6.7130471e-12	1.4535260999999998e-13
33.333333333333336	-0.8704000000000311	0.000023371232	3.7295589e-7	9.817101700000001e-11	1.9201451e-12
33.333333333333336	-0.8302000000000311	0.00009015774700000001	2.5630142e-6	1.4468419e-9	4.1898262e-11
33.333333333333336	-0.7900000000000311	0.00034166339000000004	9.168440700000001e-6	2.0653075e-8	3.2870212e-10
33.333333333333336	-0.7498000000000311	0.0012136667	0.000015522183000000002	2.6455197e-7	6.1259851e-9
33.333333333333336	-0.7096000000000311	0.0041531593	0.00013262727	3.1171929e-6	1.4109169999999997e-7
33.333333333333336	-0.6694000000000311	0.011459037	0.000079628871	0.000023729028	6.0659198e-7
33.333333333333336	-0.6292000000000311	0.021406853000000003	0.00008183977700000001	0.000088311513	4.732343e-7
33.333333333333336	-0.589000000000031	0.029877024000000002	0.00011052255	0.00017158365	6.139467499999999e-7
33.333333333333336	-0.548800000000031	0.038212068	0.00011900217000000001	0.00027533151	2.179977e-6
33.333333333333336	-0.508600000000031	0.056873240000000005	0.0010160211	0.00059512324	0.000011983595
33.333333333333336	-0.468400000000031	0.09936681800000001	0.00047131624	0.0017933232	0.000018024858
33.333333333333336	-0.428200000000031	0.15711607	0.00066529467	0.0045965827	0.000052353784
33.333333333333336	-0.388000000000031	0.1995549	0.0013696252	0.0074484257	0.000049151823
33.333333333333336	-0.347800000000031	0.22677285	0.0003937974	0.0098524293	0.000046832199000000006
33.333333333333336	-0.30760000000003096	0.27630604	0.0018525719	0.014083121000000002	0.000068658456
33.333333333333336	-0.26740000000003095	0.36127156	0.0016573841	0.023860883	0.0001267541
33.333333333333336	-0.22720000000003093	0.47578682	0.0016641938	0.042854028	0.00031701577
33.333333333333336	-0.18700000000003092	0.58650239	0.00072964112	0.069254963	0.00027231566000000004
33.333333333333336	-0.1468000000000309	0.65938933	0.00052105856	0.08985132200000001	0.00036455131
33.333333333333336	-0.1066000000000309	0.71288056	0.0010979665	0.10471705	0.00043090057999999997
33.333333333333336	-0.0664000000000309	0.78276178	0.00235378	0.12843016	0.00068856663
33.333333333333336	-0.026200000000030907	0.91138486	0.0012927705000000001	0.17643831	0.0006589822600000001
33.333333333333336	0.013999999999969093	1.0504574	0.0012429014	0.24485295	0.0015064726
33.333333333333336	0.05419999999996909	1.1784967	0.0025124657	0.32046034	0.0019023875000000001
33.333333333333336	0.09439999999996909	1.2727528	0.0013025753000000001	0.3832899	0.001399071
33.333333333333336	0.13459999999996908	1.3242436	0.00046933519000000003	0.41765189	0.0008865170300000001
33.333333333333336	0.1747999999999691	1.3860739999999998	0.0014013596	0.46167479	0.0013205935999999999
33.333333333333336	0.2149999999999691	1.4871704	0.0015738836	0.53802908	0.0015600252
33.333333333333336	0.2551999999999691	1.6074337	0.0012970640000000001	0.63589145	0.0012052283
33.333333333333336	0.29539999999996913	1.7119445999999998	0.0017754090000000001	0.72761114	0.0017134103000000002
33.333333333333336	0.33559999999996915	1.7611356	0.00046361185	0.77186177	0.00046794709000000004
33.333333333333336	0.37579999999996916	1.7916584999999998	0.00021620162000000003	0.7999197	0.00021269864
33.333333333333336	0.41599999999996917	1.8266175000000002	0.0009307176000000001	0.83216209	0.0009298188800000001
33.333333333333336	0.4561999999999692	1.8842573000000002	0.00064967526	0.8866994	0.00065001605
33.333333333333336	0.4963999999999692	1.9322863000000001	0.0007488825	0.93311508	0.0007410314900000001
33.333333333333336	0.5365999999999692	1.9576373999999999	0.00022600335	0.95796998	0.00022356517
33.333333333333336	0.5767999999999692	1.9677908	0.00006105623700000001	0.9679865	0.000060251432000000005
33.333333333333336	0.6169999999999692	1.9754374	0.00014817736	0.97555288	0.00014734758
33.333333333333336	0.6571999999999693	1.9855732000000001	0.0000630967	0.98561227	0.000062973013
33.333333333333336	0.6973999999999693	1.9940706	0.0001806301	0.99407682	0.00018038536
33.333333333333336	0.7375999999999693	1.9982164999999998	0.000038276499	0.99821702	0.000038257112
33.333333333333336	0.7777999999999693	1.9994919	0.000016929545	0.99949194	0.000016928506
33.333333333333336	0.8179999999999693	1.9998656000000001	3.6989138000000004e-6	0.9998656	3.6988354000000006e-6
33.333333333333336	0.8581999999999693	1.9999649	5.4938184e-7	0.99996485	5.4937833e-7
33.333333333333336	0.8983999999999693	1.9999908	1.2957108e-7	0.99999083	1.2957088e-7
33.333333333333336	0.9385999999999693	1.9999976	3.5578637e-8	0.9999976	3.5578623e-8
33.333333333333336	0.9787999999999694	1.9999993999999999	9.3175778e-9	0.99999937	9.3175768e-9
33.333333333333336	1.0189999999999693	1.9999997999999999	2.4398667e-9	0.99999984	2.4398667e-9
33.333333333333336	1.0591999999999693	2.	6.388749900000001e-10	0.99999996	6.3887498e-10
33.333333333333336	1.0993999999999693	2.	1.6728687000000001e-10	0.99999999	1.6728694000000002e-10
33.333333333333336	1.1395999999999693	2.	4.380322e-11	1.	4.3803432e-11
33.333333333333336	1.1797999999999693	2.	1.1469707e-11	1.	1.1469702e-11
33.333333333333336	1.2199999999999693	2.	3.0035001999999996e-12	1.	3.0032453999999995e-12
33.333333333333336	1.2601999999999693	2.	0.	1.	0.
33.333333333333336	1.3003999999999694	2.	0.	1.	0.
33.333333333333336	1.3405999999999694	2.	0.	1.	0.
33.333333333333336	1.3807999999999694	2.	0.	1.	0.
33.333333333333336	1.4209999999999694	2.	0.	1.	0.
33.333333333333336	1.4611999999999694	2.	0.	1.	0.
33.333333333333336	1.5013999999999694	2.	0.	1.	0.
33.333333333333336	1.5415999999999694	2.	0.	1.	0.
33.333333333333336	1.5817999999999695	2.	0.	1.	0.
33.333333333333336	1.6219999999999695	2.	0.	1.	0.
33.333333333333336	1.6621999999999695	2.	0.	1.	0.
33.333333333333336	1.7023999999999695	2.	0.	1.	0.
33.333333333333336	1.7425999999999695	2.	0.	1.	0.
33.333333333333336	1.7827999999999695	2.	0.	1.	0.
33.333333333333336	1.8229999999999695	2.	0.	1.	0.
33.333333333333336	1.8631999999999695	2.	0.	1.	0.
33.333333333333336	1.9033999999999696	2.	0.	1.	0.
33.333333333333336	1.9435999999999696	2.	0.	1.	0.
33.333333333333336	1.9837999999999696	2.	0.	1.	0.
33.333333333333336	2.0239999999999694	2.	0.	1.	0.
33.333333333333336	2.0641999999999694	2.	0.	1.	0.
33.333333333333336	2.1043999999999694	2.	0.	1.	0.
33.333333333333336	2.1445999999999694	2.	0.	1.	0.
33.333333333333336	2.1847999999999694	2.	0.	1.	0.
33.333333333333336	2.2249999999999694	2.	0.	1.	0.
33.333333333333336	2.2651999999999695	2.	0.	1.	0.
33.333333333333336	2.3053999999999695	2.	0.	1.	0.
33.333333333333336	2.3455999999999695	2.	0.	1.	0.
33.333333333333336	2.3857999999999695	2.	0.	1.	0.
33.333333333333336	2.4259999999999695	2.	0.	1.	0.
33.333333333333336	2.4661999999999695	2.	0.	1.	0.
33.333333333333336	2.5063999999999695	2.	0.	1.	0.
33.333333333333336	2.5465999999999696	2.	0.	1.	0.
33.333333333333336	2.5867999999999696	2.	0.	1.	0.
33.333333333333336	2.6269999999999696	2.	0.	1.	0.
33.333333333333336	2.6671999999999696	2.	0.	1.	0.
33.333333333333336	2.7073999999999696	2.	0.	1.	0.
33.333333333333336	2.7475999999999696	2.	0.	1.	0.
33.333333333333336	2.7877999999999696	2.	0.	1.	0.
33.333333333333336	2.8279999999999696	2.	0.	1.	0.
33.333333333333336	2.8681999999999697	2.	0.	1.	0.
33.333333333333336	2.9083999999999697	2.	0.	1.	0.
33.333333333333336	2.9485999999999697	2.	0.	1.	0.
33.333333333333336	2.9887999999999697	2.	0.	1.	0.
19.6078431372549	-7.021	0.	0.	0.	0.
19.6078431372549	-6.9808	0.	0.	0.	0.
19.6078431372549	-6.940600000000001	0.	0.	0.	0.
19.6078431372549	-6.900400000000001	0.	0.	0.	0.
19.6078431372549	-6.860200000000002	0.	0.	0.	0.
19.6078431372549	-6.820000000000002	0.	0.	0.	0.
19.6078431372549	-6.7798000000000025	0.	0.	0.	0.
19.6078431372549	-6.739600000000003	0.	0.	0.	0.
19.6078431372549	-6.699400000000003	0.	0.	0.	0.
19.6078431372549	-6.659200000000004	0.	0.	0.	0.
19.6078431372549	-6.619000000000004	0.	0.	0.	0.
19.6078431372549	-6.578800000000005	0.	0.	0.	0.
19.6078431372549	-6.538600000000005	0.	0.	0.	0.
19.6078431372549	-6.4984000000000055	0.	0.	0.	0.
19.6078431372549	-6.458200000000006	0.	0.	0.	0.
19.6078431372549	-6.418000000000006	0.	0.	0.	0.
19.6078431372549	-6.377800000000007	0.	0.	0.	0.
19.6078431372549	-6.337600000000007	0.	0.	0.	0.
19.6078431372549	-6.297400000000008	0.	0.	0.	0.
19.6078431372549	-6.257200000000008	0.	0.	0.	0.
19.6078431372549	-6.2170000000000085	0.	0.	0.	0.
19.6078431372549	-6.176800000000009	0.	0.	0.	0.
19.6078431372549	-6.136600000000009	0.	0.	0.	0.
19.6078431372549	-6.09640000000001	0.	0.	0.	0.
19.6078431372549	-6.05620000000001	0.	0.	0.	0.
19.6078431372549	-6.016000000000011	0.	0.	0.	0.
19.6078431372549	-5.975800000000011	0.	0.	0.	0.
19.6078431372549	-5.9356000000000115	0.	0.	0.	0.
19.6078431372549	-5.895400000000012	0.	0.	0.	0.
19.6078431372549	-5.855200000000012	0.	0.	0.	0.
19.6078431372549	-5.815000000000013	0.	0.	0.	0.
19.6078431372549	-5.774800000000013	0.	0.	0.	0.
19.6078431372549	-5.734600000000014	0.	0.	0.	0.
19.6078431372549	-5.694400000000014	0.	0.	0.	0.
19.6078431372549	-5.6542000000000145	0.	0.	0.	0.
19.6078431372549	-5.614000000000015	0.	0.	0.	0.
19.6078431372549	-5.573800000000015	0.	0.	0.	0.
19.6078431372549	-5.533600000000016	0.	0.	0.	0.
19.6078431372549	-5.493400000000016	0.	0.	0.	0.
19.6078431372549	-5.453200000000017	0.	0.	0.	0.
19.6078431372549	-5.413000000000017	0.	0.	0.	0.
19.6078431372549	-5.372800000000018	0.	0.	0.	0.
19.6078431372549	-5.332600000000018	0.	0.	0.	0.
19.6078431372549	-5.292400000000018	0.	0.	0.	0.
19.6078431372549	-5.252200000000019	0.	0.	0.	0.
19.6078431372549	-5.212000000000019	0.	0.	0.	0.
19.6078431372549	-5.17180000000002	0.	0.	0.	0.
19.6078431372549	-5.13160000000002	0.	0.	0.	0.
19.6078431372549	-5.091400000000021	0.	0.	0.	0.
19.6078431372549	-5.051200000000021	0.	0.	0.	0.
19.6078431372549	-5.011000000000021	0.	0.	0.	0.
19.6078431372549	-4.970800000000022	0.	0.	0.	0.
19.6078431372549	-4.930600000000022	0.	0.	0.	0.
19.6078431372549	-4.890400000000023	0.	0.	0.	0.
19.6078431372549	-4.850200000000023	0.	0.	0.	0.
19.6078431372549	-4.810000000000024	0.	0.	0.	0.
19.6078431372549	-4.769800000000024	0.	0.	0.	0.
19.6078431372549	-4.7296000000000245	0.	0.	0.	0.
19.6078431372549	-4.689400000000025	0.	0.	0.	0.
19.6078431372549	-4.649200000000025	0.	0.	0.	0.
19.6078431372549	-4.609000000000026	0.	0.	0.	0.
19.6078431372549	-4.568800000000026	0.	0.	0.	0.
19.6078431372549	-4.528600000000027	0.	0.	0.	0.
19.6078431372549	-4.488400000000027	0.	0.	0.	0.
19.6078431372549	-4.4482000000000275	0.	0.	0.	0.
19.6078431372549	-4.408000000000028	0.	0.	0.	0.
19.6078431372549	-4.367800000000028	0.	0.	0.	0.
19.6078431372549	-4.327600000000029	0.	0.	0.	0.
19.6078431372549	-4.287400000000029	0.	0.	0.	0.
19.6078431372549	-4.24720000000003	0.	0.	0.	0.
19.6078431372549	-4.20700000000003	0.	0.	0.	0.
19.6078431372549	-4.1668000000000305	0.	0.	0.	0.
19.6078431372549	-4.126600000000031	0.	0.	0.	0.
19.6078431372549	-4.086400000000031	0.	0.	0.	0.
19.6078431372549	-4.046200000000032	0.	0.	0.	0.
19.6078431372549	-4.006000000000032	0.	0.	0.	0.
19.6078431372549	-3.965800000000032	0.	0.	0.	0.
19.6078431372549	-3.925600000000032	0.	0.	0.	0.
19.6078431372549	-3.885400000000032	0.	0.	0.	0.
19.6078431372549	-3.845200000000032	0.	0.	0.	0.
19.6078431372549	-3.805000000000032	0.	0.	0.	0.
19.6078431372549	-3.764800000000032	0.	0.	0.	0.
19.6078431372549	-3.724600000000032	0.	0.	0.	0.
19.6078431372549	-3.684400000000032	0.	0.	0.	0.
19.6078431372549	-3.644200000000032	0.	0.	0.	0.
19.6078431372549	-3.604000000000032	0.	0.	0.	0.
19.6078431372549	-3.563800000000032	0.	0.	0.	0.
19.6078431372549	-3.523600000000032	0.	0.	0.	0.
19.6078431372549	-3.483400000000032	0.	0.	0.	0.
19.6078431372549	-3.443200000000032	0.	0.	0.	0.
19.6078431372549	-3.403000000000032	0.	0.	0.	0.
19.6078431372549	-3.362800000000032	0.	0.	0.	0.
19.6078431372549	-3.322600000000032	0.	0.	0.	0.
19.6078431372549	-3.282400000000032	0.	0.	0.	0.
19.6078431372549	-3.242200000000032	0.	0.	0.	0.
19.6078431372549	-3.202000000000032	0.	0.	0.	0.
19.6078431372549	-3.161800000000032	0.	0.	0.	0.
19.6078431372549	-3.121600000000032	0.	0.	0.	0.
19.6078431372549	-3.081400000000032	0.	0.	0.	0.
19.6078431372549	-3.041200000000032	0.	0.	0.	0.
19.6078431372549	-3.001000000000032	0.	0.	0.	0.
19.6078431372549	-2.960800000000032	0.	0.	0.	0.
19.6078431372549	-2.920600000000032	0.	0.	0.	0.
19.6078431372549	-2.880400000000032	0.	0.	0.	0.
19.6078431372549	-2.840200000000032	0.	0.	0.	0.
19.6078431372549	-2.800000000000032	0.	0.	0.	0.
19.6078431372549	-2.759800000000032	0.	0.	0.	0.
19.6078431372549	-2.7196000000000318	0.	0.	0.	0.
19.6078431372549	-2.6794000000000318	0.	0.	0.	0.
19.6078431372549	-2.6392000000000317	0.	0.	0.	0.
19.6078431372549	-2.5990000000000317	0.	0.	0.	0.
19.6078431372549	-2.5588000000000317	0.	0.	0.	0.
19.6078431372549	-2.5186000000000317	0.	0.	0.	0.
19.6078431372549	-2.4784000000000317	0.	0.	0.	0.
19.6078431372549	-2.4382000000000317	3.9898640000000007e-19	8.930035699999999e-20	0.	0.
19.6078431372549	-2.3980000000000317	1.1848161e-17	7.7219555e-19	0.	0.
19.6078431372549	-2.3578000000000316	8.1774865e-17	2.2367845e-18	3.6592669000000005e-35	1.4086963000000002e-35
19.6078431372549	-2.3176000000000316	2.4001634e-16	3.3479938e-18	9.631575699999999e-33	3.1288804999999997e-34
19.6078431372549	-2.2774000000000316	5.33254e-16	7.7034224e-18	5.124514400000001e-32	1.0826552999999999e-33
19.6078431372549	-2.2372000000000316	1.1871927e-15	1.7231764999999998e-17	2.5197904e-31	5.6350386999999996e-33
19.6078431372549	-2.1970000000000316	2.6290255e-15	3.8469665e-17	1.2382362e-30	2.9018277e-32
19.6078431372549	-2.1568000000000316	5.7921376e-15	8.5799625e-17	6.0404848e-30	1.4043354999999999e-31
19.6078431372549	-2.1166000000000316	1.2743539000000001e-14	1.8869001000000001e-16	2.9237573e-29	6.891625599999999e-31
19.6078431372549	-2.0764000000000316	2.8030529e-14	4.1474431e-16	1.4147976000000003e-28	3.3303207000000006e-30
19.6078431372549	-2.0362000000000315	6.165163900000001e-14	9.122669e-16	6.8439328e-28	1.6070519000000002e-29
19.6078431372549	-1.9960000000000315	1.3560443999999998e-13	2.0072824e-15	3.3111672e-27	7.7845079e-29
19.6078431372549	-1.9558000000000315	2.9826587e-13	4.41583e-15	1.6018936e-26	3.7689338e-28
19.6078431372549	-1.9156000000000315	6.5603703e-13	9.7124085e-15	7.749742699999999e-26	1.8232098999999996e-27
19.6078431372549	-1.8754000000000315	1.4429594e-12	2.1361366e-14	3.7491893000000004e-25	8.818910599999999e-27
19.6078431372549	-1.8352000000000315	3.1738096999999996e-12	4.6984997e-14	1.8138051e-24	4.2664939e-26
19.6078431372549	-1.7950000000000315	6.9808316e-12	1.0334321999999999e-13	8.774917700000002e-24	2.0640310000000003e-25
19.6078431372549	-1.7548000000000314	1.5354426e-11	2.273049e-13	4.2451784e-23	9.985631300000001e-25
19.6078431372549	-1.7146000000000314	3.3772246e-11	4.999599800000001e-13	2.0537551999999998e-22	4.830898500000001e-24
19.6078431372549	-1.6744000000000314	7.4282467e-11	1.0996681e-12	9.935767899999998e-22	2.3371182e-23
19.6078431372549	-1.6342000000000314	1.6338518e-10	2.4187337e-12	4.8067790999999995e-21	1.1306636999999999e-22
19.6078431372549	-1.5940000000000314	3.5936769e-10	5.320032599999999e-12	2.3254493e-20	5.469983699999999e-22
19.6078431372549	-1.5538000000000314	7.904335800000001e-10	1.1701475e-11	1.1250183e-19	2.6462972999999998e-21
19.6078431372549	-1.5136000000000314	1.7385682e-9	2.5737536e-11	5.442673500000001e-19	1.2802399e-20
19.6078431372549	-1.4734000000000314	3.8240016e-9	5.6610017e-11	2.6330855e-18	6.1936121e-20
19.6078431372549	-1.4332000000000313	8.410937000000001e-9	1.2451439e-10	1.2738479e-17	2.9963778000000004e-19
19.6078431372549	-1.3930000000000313	1.8499953e-8	2.7387078e-10	6.1626864e-17	1.4496026000000001e-18
19.6078431372549	-1.3528000000000313	4.0690847e-8	6.0238149e-10	2.9814140000000004e-16	7.012953e-18
19.6078431372549	-1.3126000000000313	8.9499896e-8	1.3249424000000001e-9	1.4423609e-15	3.3927516e-17
19.6078431372549	-1.2724000000000313	1.9685556e-7	2.9142127e-9	6.9778926e-15	1.6413504000000002e-16
19.6078431372549	-1.2322000000000313	4.3298353e-7	6.409777e-9	3.3757619e-14	7.940472600000001e-16
19.6078431372549	-1.1920000000000313	9.523396499999999e-7	1.4098047999999999e-8	1.6331012e-13	3.8413352e-15
19.6078431372549	-1.1518000000000312	2.0946204e-6	3.1007212e-8	7.9002469e-13	1.858223e-14
19.6078431372549	-1.1116000000000312	4.6012835e-6	6.775453500000001e-8	3.816501299999999e-12	8.894239200000001e-14
19.6078431372549	-1.0714000000000312	0.000010126202	1.4267751e-7	1.8490679e-11	4.0550491999999996e-13
19.6078431372549	-1.0312000000000312	0.000022265675	3.1364611e-7	8.9400159e-11	1.9599806e-12
19.6078431372549	-0.9910000000000312	0.000048993783000000005	6.5979237e-7	4.3173994e-10	8.863377099999998e-12
19.6078431372549	-0.9508000000000312	0.00010779221	1.7942856e-6	2.0851717e-9	5.421260100000001e-11
19.6078431372549	-0.9106000000000312	0.00023818746	5.3019071e-6	1.0156579e-8	2.5137457e-10
19.6078431372549	-0.8704000000000311	0.0005177738800000001	0.000011526655	4.8262118e-8	1.0242928e-9
19.6078431372549	-0.8302000000000311	0.0011045346	0.000014528817	2.2113461e-7	4.1265453e-9
19.6078431372549	-0.7900000000000311	0.002299879	0.000027344487000000003	9.5601775e-7	3.1020147e-8
19.6078431372549	-0.7498000000000311	0.0047315077	0.00011133299000000001	4.1258686e-6	1.4383976e-7
19.6078431372549	-0.7096000000000311	0.0092455336	0.00021043517	0.000015589949000000002	6.0154442e-7
19.6078431372549	-0.6694000000000311	0.015936247	0.00023150847	0.000047334575000000004	9.1433909e-7
19.6078431372549	-0.6292000000000311	0.025481633	0.00047654550000000005	0.00011795162	2.0707211000000002e-6
19.6078431372549	-0.589000000000031	0.037204029	0.0004959306600000001	0.00025647723	4.0053338e-6
19.6078431372549	-0.548800000000031	0.054863810000000006	0.0008177972000000001	0.00055116462	9.858353300000002e-6
19.6078431372549	-0.508600000000031	0.080847973	0.00010533647	0.0011682734	8.3098401e-6
19.6078431372549	-0.468400000000031	0.1147051	0.00064023714	0.0023869362999999998	0.000025007710000000002
19.6078431372549	-0.428200000000031	0.15858289	0.0016138904000000001	0.0045213507	0.000035618024
19.6078431372549	-0.388000000000031	0.20229113	0.0013215284	0.007497011099999999	0.000045825654
19.6078431372549	-0.347800000000031	0.2528127	0.0011987593	0.011703942000000002	0.000029636088
19.6078431372549	-0.30760000000003096	0.31195601	0.0013627506	0.018062894	0.000028063106999999998
19.6078431372549	-0.26740000000003095	0.38940328	0.0013921561	0.028380041	0.000028240573000000005
19.6078431372549	-0.22720000000003093	0.47891758	0.0022104702	0.043128382	0.00014270781
19.6078431372549	-0.18700000000003092	0.56640136	0.00050017326	0.062575752	0.00022733564000000002
19.6078431372549	-0.1468000000000309	0.65111031	0.0013974965	0.08606625400000001	0.00021008565000000002
19.6078431372549	-0.1066000000000309	0.7358413	0.0014324143	0.11085012	0.00036450191
19.6078431372549	-0.0664000000000309	0.82761074	0.0013731721999999998	0.14353613	0.00063833652
19.6078431372549	-0.026200000000030907	0.930633	0.00081979844	0.18535722	0.0011213291000000002
19.6078431372549	0.013999999999969093	1.0377645	0.00037812015	0.23858719	0.0014690347000000002
19.6078431372549	0.05419999999996909	1.1429162	0.00071941532	0.29797856	0.0010058101
19.6078431372549	0.09439999999996909	1.236464	0.0014889779000000001	0.35637455	0.0017581583
19.6078431372549	0.13459999999996908	1.3237717	0.0012707532999999998	0.41668712	0.0013905603
19.6078431372549	0.1747999999999691	1.4056326	0.0013257102000000002	0.47488877	0.0010217471
19.6078431372549	0.2149999999999691	1.4964483	0.0023862775	0.54554187	0.0023603715
19.6078431372549	0.2551999999999691	1.582132	0.0019010702	0.6142585	0.0018352325
19.6078431372549	0.29539999999996913	1.6623313	0.00050346777	0.68308593	0.00048239839
19.6078431372549	0.33559999999996915	1.7291254999999999	0.0014240457	0.74255392	0.0014019845
19.6078431372549	0.37579999999996916	1.7806847000000001	0.0014107164	0.78935958	0.0014278218000000002
19.6078431372549	0.41599999999996917	1.8285693	0.0010846237	0.83393184	0.0010459133
19.6078431372549	0.4561999999999692	1.8721356	0.0006821611800000001	0.87507255	0.0006653239600000001
19.6078431372549	0.4963999999999692	1.9104913000000001	0.0006513475399999999	0.91192686	0.00063903253
19.6078431372549	0.5365999999999692	1.938581	0.0013666719	0.93926037	0.0013518450000000002
19.6078431372549	0.5767999999999692	1.9577177000000001	0.00072783266	0.95804366	0.00072312126
19.6078431372549	0.6169999999999692	1.9708505	0.00039674157	0.97100787	0.00039459613999999997
19.6078431372549	0.6571999999999693	1.9815169999999998	0.00015732196000000002	0.98158096	0.00015684132
19.6078431372549	0.6973999999999693	1.989264	0.00018308076000000001	0.9892853	0.00018267246000000002
19.6078431372549	0.7375999999999693	1.9940799	0.00013227720000000002	0.99408622	0.00013210943
19.6078431372549	0.7777999999999693	1.9971226	0.000034215479	0.9971241	0.000034187271000000005
19.6078431372549	0.8179999999999693	1.9986206000000002	0.000014978905000000002	0.99862091	0.000014975692
19.6078431372549	0.8581999999999693	1.9993439	0.000015922317	0.99934394	0.000015920557
19.6078431372549	0.8983999999999693	1.9996981	6.983575100000001e-6	0.99969813	6.9831503e-6
19.6078431372549	0.9385999999999693	1.9998618000000001	3.2841551000000004e-6	0.99986178	3.2840699000000005e-6
19.6078431372549	0.9787999999999694	1.9999376	9.207503e-7	0.99993764	9.2073583e-7
19.6078431372549	1.0189999999999693	1.9999717000000001	3.77147e-7	0.99997171	3.7714443e-7
19.6078431372549	1.0591999999999693	1.9999871	1.8121372e-7	0.99998714	1.8121313999999997e-7
19.6078431372549	1.0993999999999693	1.9999942000000002	8.606046699999999e-8	0.99999416	8.6060338e-8
19.6078431372549	1.1395999999999693	1.9999973	3.9385974e-8	0.99999734	3.9385947e-8
19.6078431372549	1.1797999999999693	1.9999988	1.7907872e-8	0.99999879	1.7907865999999998e-8
19.6078431372549	1.2199999999999693	1.9999995000000002	8.1419923e-9	0.99999945	8.1419914e-9
19.6078431372549	1.2601999999999693	1.9999997	3.7017772e-9	0.99999975	3.701777e-9
19.6078431372549	1.3003999999999694	1.9999999	1.6830097e-9	0.99999989	1.6830097e-9
19.6078431372549	1.3405999999999694	1.9999999	7.651762200000001e-10	0.99999995	7.651762800000001e-10
19.6078431372549	1.3807999999999694	2.	3.4788509e-10	0.99999998	3.4788493e-10
19.6078431372549	1.4209999999999694	2.	1.5816471e-10	0.99999999	1.5816475000000001e-10
19.6078431372549	1.4611999999999694	2.	7.1908904e-11	1.	7.1909035e-11
19.6078431372549	1.5013999999999694	2.	3.2693253e-11	1.	3.2693214e-11
19.6078431372549	1.5415999999999694	2.	1.4863778e-11	1.	1.4863817e-11
19.6078431372549	1.5817999999999695	2.	6.7578575999999995e-12	1.	6.7578691e-12
19.6078431372549	1.6219999999999695	2.	3.0724e-12	1.	3.0723916999999998e-12
19.6078431372549	1.6621999999999695	2.	0.	1.	1.3968575e-12
19.6078431372549	1.7023999999999695	2.	0.	1.	0.
19.6078431372549	1.7425999999999695	2.	0.	1.	0.
19.6078431372549	1.7827999999999695	2.	0.	1.	0.
19.6078431372549	1.8229999999999695	2.	0.	1.	0.
19.6078431372549	1.8631999999999695	2.	0.	1.	0.
19.6078431372549	1.9033999999999696	2.	0.	1.	0.
19.6078431372549	1.9435999999999696	2.	0.	1.	0.
19.6078431372549	1.9837999999999696	2.	0.	1.	0.
19.6078431372549	2.0239999999999694	2.	0.	1.	0.
19.6078431372549	2.0641999999999694	2.	0.	1.	0.
19.6078431372549	2.1043999999999694	2.	0.	1.	0.
19.6078431372549	2.1445999999999694	2.	0.	1.	0.
19.6078431372549	2.1847999999999694	2.	0.	1.	0.
19.6078431372549	2.2249999999999694	2.	0.	1.	0.
19.6078431372549	2.2651999999999695	2.	0.	1.	0.
19.6078431372549	2.3053999999999695	2.	0.	1.	0.
19.6078431372549	2.3455999999999695	2.	0.	1.	0.
19.6078431372549	2.3857999999999695	2.	0.	1.	0.
19.6078431372549	2.4259999999999695	2.	0.	1.	0.
19.6078431372549	2.4661999999999695	2.	0.	1.	0.
19.6078431372549	2.5063999999999695	2.	0.	1.	0.
19.6078431372549	2.5465999999999696	2.	0.	1.	0.
19.6078431372549	2.5867999999999696	2.	0.	1.	0.
19.6078431372549	2.6269999999999696	2.	0.	1.	0.
19.6078431372549	2.6671999999999696	2.	0.	1.	0.
19.6078431372549	2.7073999999999696	2.	0.	1.	0.
19.6078431372549	2.7475999999999696	2.	0.	1.	0.
19.6078431372549	2.7877999999999696	2.	0.	1.	0.
19.6078431372549	2.8279999999999696	2.	0.	1.	0.
19.6078431372549	2.8681999999999697	2.	0.	1.	0.
19.6078431372549	2.9083999999999697	2.	0.	1.	0.
19.6078431372549	2.9485999999999697	2.	0.	1.	0.
19.6078431372549	2.9887999999999697	2.	0.	1.	0.
13.888888888888888	-7.021	0.	0.	0.	0.
13.888888888888888	-6.9808	0.	0.	0.	0.
13.888888888888888	-6.940600000000001	0.	0.	0.	0.
13.888888888888888	-6.900400000000001	0.	0.	0.	0.
13.888888888888888	-6.860200000000002	0.	0.	0.	0.
13.888888888888888	-6.820000000000002	0.	0.	0.	0.
13.888888888888888	-6.7798000000000025	0.	0.	0.	0.
13.888888888888888	-6.739600000000003	0.	0.	0.	0.
13.888888888888888	-6.699400000000003	0.	0.	0.	0.
13.888888888888888	-6.659200000000004	0.	0.	0.	0.
13.888888888888888	-6.619000000000004	0.	0.	0.	0.
13.888888888888888	-6.578800000000005	0.	0.	0.	0.
13.888888888888888	-6.538600000000005	0.	0.	0.	0.
13.888888888888888	-6.4984000000000055	0.	0.	0.	0.
13.888888888888888	-6.458200000000006	0.	0.	0.	0.
13.888888888888888	-6.418000000000006	0.	0.	0.	0.
13.888888888888888	-6.377800000000007	0.	0.	0.	0.
13.888888888888888	-6.337600000000007	0.	0.	0.	0.
13.888888888888888	-6.297400000000008	0.	0.	0.	0.
13.888888888888888	-6.257200000000008	0.	0.	0.	0.
13.888888888888888	-6.2170000000000085	0.	0.	0.	0.
13.888888888888888	-6.176800000000009	0.	0.	0.	0.
13.888888888888888	-6.136600000000009	0.	0.	0.	0.
13.888888888888888	-6.09640000000001	0.	0.	0.	0.
13.888888888888888	-6.05620000000001	0.	0.	0.	0.
13.888888888888888	-6.016000000000011	0.	0.	0.	0.
13.888888888888888	-5.975800000000011	0.	0.	0.	0.
13.888888888888888	-5.9356000000000115	0.	0.	0.	0.
13.888888888888888	-5.895400000000012	0.	0.	0.	0.
13.888888888888888	-5.855200000000012	0.	0.	0.	0.
13.888888888888888	-5.815000000000013	0.	0.	0.	0.
13.888888888888888	-5.774800000000013	0.	0.	0.	0.
13.888888888888888	-5.734600000000014	0.	0.	0.	0.
13.888888888888888	-5.694400000000014	0.	0.	0.	0.
13.888888888888888	-5.6542000000000145	0.	0.	0.	0.
13.888888888888888	-5.614000000000015	0.	0.	0.	0.
13.888888888888888	-5.573800000000015	0.	0.	0.	0.
13.888888888888888	-5.533600000000016	0.	0.	0.	0.
13.888888888888888	-5.493400000000016	0.	0.	0.	0.
13.888888888888888	-5.453200000000017	0.	0.	0.	0.
13.888888888888888	-5.413000000000017	0.	0.	0.	0.
13.888888888888888	-5.372800000000018	0.	0.	0.	0.
13.888888888888888	-5.332600000000018	0.	0.	0.	0.
13.888888888888888	-5.292400000000018	0.	0.	0.	0.
13.888888888888888	-5.252200000000019	0.	0.	0.	0.
13.888888888888888	-5.212000000000019	0.	0.	0.	0.
13.888888888888888	-5.17180000000002	0.	0.	0.	0.
13.888888888888888	-5.13160000000002	0.	0.	0.	0.
13.888888888888888	-5.091400000000021	0.	0.	0.	0.
13.888888888888888	-5.051200000000021	0.	0.	0.	0.
13.888888888888888	-5.011000000000021	0.	0.	0.	0.
13.888888888888888	-4.970800000000022	0.	0.	0.	0.
13.888888888888888	-4.930600000000022	0.	0.	0.	0.
13.888888888888888	-4.890400000000023	0.	0.	0.	0.
13.888888888888888	-4.850200000000023	0.	0.	0.	0.
13.888888888888888	-4.810000000000024	0.	0.	0.	0.
13.888888888888888	-4.769800000000024	0.	0.	0.	0.
13.888888888888888	-4.7296000000000245	0.	0.	0.	0.
13.888888888888888	-4.689400000000025	0.	0.	0.	0.
13.888888888888888	-4.649200000000025	0.	0.	0.	0.
13.888888888888888	-4.609000000000026	0.	0.	0.	0.
13.888888888888888	-4.568800000000026	0.	0.	0.	0.
13.888888888888888	-4.528600000000027	0.	0.	0.	0.
13.888888888888888	-4.488400000000027	0.	0.	0.	0.
13.888888888888888	-4.4482000000000275	0.	0.	0.	0.
13.888888888888888	-4.408000000000028	0.	0.	0.	0.
13.888888888888888	-4.367800000000028	0.	0.	0.	0.
13.888888888888888	-4.327600000000029	0.	0.	0.	0.
13.888888888888888	-4.287400000000029	0.	0.	0.	0.
13.888888888888888	-4.24720000000003	0.	0.	0.	0.
13.888888888888888	-4.20700000000003	0.	0.	0.	0.
13.888888888888888	-4.1668000000000305	0.	0.	0.	0.
13.888888888888888	-4.126600000000031	0.	0.	0.	0.
13.888888888888888	-4.086400000000031	0.	0.	0.	0.
13.888888888888888	-4.046200000000032	0.	0.	0.	0.
13.888888888888888	-4.006000000000032	0.	0.	0.	0.
13.888888888888888	-3.965800000000032	0.	0.	0.	0.
13.888888888888888	-3.925600000000032	0.	0.	0.	0.
13.888888888888888	-3.885400000000032	0.	0.	0.	0.
13.888888888888888	-3.845200000000032	0.	0.	0.	0.
13.888888888888888	-3.805000000000032	0.	0.	0.	0.
13.888888888888888	-3.764800000000032	0.	0.	0.	0.
13.888888888888888	-3.724600000000032	0.	0.	0.	0.
13.888888888888888	-3.684400000000032	0.	0.	0.	0.
13.888888888888888	-3.644200000000032	0.	0.	0.	0.
13.888888888888888	-3.604000000000032	0.	0.	0.	0.
13.888888888888888	-3.563800000000032	0.	0.	0.	0.
13.888888888888888	-3.523600000000032	0.	0.	0.	0.
13.888888888888888	-3.483400000000032	0.	0.	0.	0.
13.888888888888888	-3.443200000000032	0.	0.	0.	0.
13.888888888888888	-3.403000000000032	0.	0.	0.	0.
13.888888888888888	-3.362800000000032	0.	0.	0.	0.
13.888888888888888	-3.322600000000032	0.	0.	0.	0.
13.888888888888888	-3.282400000000032	0.	0.	0.	0.
13.888888888888888	-3.242200000000032	3.469447e-20	3.469447e-20	0.	0.
13.888888888888888	-3.202000000000032	4.3368087e-19	1.2569266000000001e-19	0.	0.
13.888888888888888	-3.161800000000032	3.764349900000001e-18	6.112285300000001e-19	0.	0.
13.888888888888888	-3.121600000000032	2.1961599e-17	1.5094088e-18	0.	0.
13.888888888888888	-3.081400000000032	7.637987499999999e-17	3.1954482000000005e-18	1.540744e-35	9.9143312e-36
13.888888888888888	-3.041200000000032	1.7671628000000002e-16	2.476557e-18	4.4257869999999994e-33	1.2624026e-34
13.888888888888888	-3.001000000000032	3.2708211e-16	6.140222800000001e-18	1.8159593e-32	4.8836092e-34
13.888888888888888	-2.960800000000032	5.6963115e-16	9.452914000000001e-18	5.684189600000001e-32	1.2974909e-33
13.888888888888888	-2.920600000000032	9.9711905e-16	1.7622776e-17	1.7234183999999999e-31	4.1740361e-33
13.888888888888888	-2.880400000000032	1.7522441999999999e-15	3.1714107000000004e-17	5.3066881e-31	1.3410832e-32
13.888888888888888	-2.840200000000032	3.083124e-15	7.2352834e-17	1.6374661e-30	6.0860531e-32
13.888888888888888	-2.800000000000032	5.381702e-15	9.3684867e-17	5.0363761e-30	1.1950767e-31
13.888888888888888	-2.759800000000032	9.4048554e-15	1.6505130000000003e-16	1.5386666e-29	3.6794587999999996e-31
13.888888888888888	-2.7196000000000318	1.6441170999999998e-14	2.8778805000000004e-16	4.7005773000000004e-29	1.1183346000000001e-30
13.888888888888888	-2.6794000000000318	2.8737273000000004e-14	5.0175505e-16	1.4364360000000003e-28	3.4007196e-30
13.888888888888888	-2.6392000000000317	5.0226611e-14	8.779243900000001e-16	4.3876579e-28	1.0418809e-29
13.888888888888888	-2.5990000000000317	8.7781657e-14	1.5337875e-15	1.3402468e-27	3.1759387000000005e-29
13.888888888888888	-2.5588000000000317	1.5342084e-13	2.6814123e-15	4.0940395e-27	9.711065800000001e-29
13.888888888888888	-2.5186000000000317	2.6814091e-13	4.686302e-15	1.2505804999999999e-26	2.9658537000000003e-28
13.888888888888888	-2.4784000000000317	4.686463e-13	8.190529e-15	3.8201254999999997e-26	9.0610901e-28
13.888888888888888	-2.4382000000000317	8.190813300000001e-13	1.4315896e-14	1.1669156000000001e-25	2.7680357999999996e-27
13.888888888888888	-2.3980000000000317	1.4315568e-12	2.5019502e-14	3.5645387000000005e-25	8.454428e-27
13.888888888888888	-2.3578000000000316	2.5020132e-12	4.3727715e-14	1.0888424e-24	2.5825736999999996e-26
13.888888888888888	-2.3176000000000316	4.3729125e-12	7.6425499e-14	3.326039900000001e-24	7.8889685e-26
13.888888888888888	-2.2774000000000316	7.6001059e-12	1.7864848e-13	9.972801600000001e-24	2.9972283000000005e-25
13.888888888888888	-2.2372000000000316	1.3357752000000001e-11	2.3345236e-13	3.1035071e-23	7.3610919e-25
13.888888888888888	-2.1970000000000316	2.3346118e-11	4.0801929999999996e-13	9.4801512e-23	2.2485740000000003e-24
13.888888888888888	-2.1568000000000316	4.0803361e-11	7.1311737e-13	2.8958614999999994e-22	6.8685903e-24
13.888888888888888	-2.1166000000000316	7.1314398e-11	1.2463577999999999e-12	8.845866e-22	2.0981228e-23
13.888888888888888	-2.0764000000000316	1.2464030000000001e-10	2.1783305e-12	2.7021089999999994e-21	6.4090462e-23
13.888888888888888	-2.0362000000000315	2.1784108e-10	3.8071949e-12	8.2540184e-21	1.9577446e-22
13.888888888888888	-1.9960000000000315	3.8073346000000005e-10	6.654055199999999e-12	2.5213201000000003e-20	5.980237099999999e-22
13.888888888888888	-1.9558000000000315	6.654299299999999e-10	1.1629678000000001e-11	7.701770100000001e-20	1.8267583e-21
13.888888888888888	-1.9156000000000315	1.1630104e-9	2.0325862e-11	2.3526271e-19	5.5801219e-21
13.888888888888888	-1.8754000000000315	2.0326607e-9	3.5524685e-11	7.1864706e-19	1.7045361e-20
13.888888888888888	-1.8352000000000315	3.5525987e-9	6.2088548e-11	2.1952207e-18	5.2067739999999994e-20
13.888888888888888	-1.7950000000000315	6.2090822e-9	1.0851574e-10	6.7056474e-18	1.5904910000000002e-19
13.888888888888888	-1.7548000000000314	1.0851972e-8	1.8965923000000003e-10	2.0483455e-17	4.858404700000001e-19
13.888888888888888	-1.7146000000000314	1.8966616999999997e-8	3.3147835e-10	6.2569929e-17	1.4840758000000002e-18
13.888888888888888	-1.6744000000000314	3.3149047999999997e-8	5.793437e-10	1.9112963e-16	4.5333403000000006e-18
13.888888888888888	-1.6342000000000314	5.7936487999999994e-8	1.0125519e-9	5.838351400000001e-16	1.3847786e-17
13.888888888888888	-1.5940000000000314	1.0125889e-7	1.7696936999999999e-9	1.7834141e-15	4.2300159e-17
13.888888888888888	-1.5538000000000314	1.7697579999999997e-7	3.0929904000000002e-9	5.4477065e-15	1.2921203000000001e-16
13.888888888888888	-1.5136000000000314	3.0931019999999994e-7	5.4057806e-9	1.6640809000000002e-14	3.9469597e-16
13.888888888888888	-1.4734000000000314	5.4059734e-7	9.447941399999999e-9	5.0831602e-14	1.2056475e-15
13.888888888888888	-1.4332000000000313	9.448271299999999e-7	1.6512548e-8	1.5527114999999999e-13	3.6827676e-15
13.888888888888888	-1.3930000000000313	1.6513103000000003e-6	2.8859427999999998e-8	4.7428956e-13	1.1249206e-14
13.888888888888888	-1.3528000000000313	2.8860332e-6	5.0437739000000004e-8	1.4487354e-12	3.4360399e-14
13.888888888888888	-1.3126000000000313	5.0390355e-6	8.712835199999999e-8	4.420407299999999e-12	1.0321436999999999e-13
13.888888888888888	-1.2724000000000313	8.803075500000002e-6	1.5664835999999997e-7	1.3500539000000001e-11	3.1742927e-13
13.888888888888888	-1.2322000000000313	0.000015398216	2.5652851999999996e-7	4.1299808e-11	9.1416871e-13
13.888888888888888	-1.1920000000000313	0.000026887362	4.2695571999999994e-7	1.2603043e-10	2.6158749999999995e-12
13.888888888888888	-1.1518000000000312	0.000046986981000000004	7.009250500000001e-7	3.8461531e-10	7.6840494e-12
13.888888888888888	-1.1116000000000312	0.000082008679	1.2943841000000002e-6	1.1707351000000001e-9	2.5871723000000003e-11
13.888888888888888	-1.0714000000000312	0.00014353836000000002	2.2427849000000002e-6	3.5810101e-9	7.260278300000001e-11
13.888888888888888	-1.0312000000000312	0.00025231164	5.504447500000001e-6	1.1051816e-8	2.5610592e-10
13.888888888888888	-0.9910000000000312	0.00043783935000000005	0.000010610949000000001	3.3311142999999996e-8	8.5587019e-10
13.888888888888888	-0.9508000000000312	0.00075641945	0.000013661123	9.9925815e-8	1.7908614e-9
13.888888888888888	-0.9106000000000312	0.0013052804000000002	0.000021310481	2.9689374e-7	4.0788049999999995e-9
13.888888888888888	-0.8704000000000311	0.0022296461	0.00001142278	8.702628999999999e-7	1.2544516999999999e-8
13.888888888888888	-0.8302000000000311	0.0037659973	0.000062208214	2.5039760000000003e-6	7.9019436e-8
13.888888888888888	-0.7900000000000311	0.0063216189	0.000090655405	6.964871500000001e-6	1.6465456e-7
13.888888888888888	-0.7498000000000311	0.010086922	0.00011602885	0.000018020545	3.2605444e-7
13.888888888888888	-0.7096000000000311	0.016175197	0.00022651209	0.000046567386	6.8376351e-7
13.888888888888888	-0.6694000000000311	0.024770923	0.00035736576	0.0001084247	1.8668866000000002e-6
13.888888888888888	-0.6292000000000311	0.03660111	0.00038809680000000005	0.00023666281	3.4496393000000002e-6
13.888888888888888	-0.589000000000031	0.05304073200000001	0.0005799713800000001	0.00048597215	4.9298519000000004e-6
13.888888888888888	-0.548800000000031	0.073550869	0.00059700145	0.00096206658	6.9733812000000004e-6
13.888888888888888	-0.508600000000031	0.10380477	0.0008062432200000001	0.0018447662000000001	0.000024648371
13.888888888888888	-0.468400000000031	0.13405991	0.0006459194700000001	0.0031998347	0.000023658187
13.888888888888888	-0.428200000000031	0.17957194	0.0025468465000000003	0.00563044	0.000049353404000000005
13.888888888888888	-0.388000000000031	0.22518436	0.00083663659	0.0090259473	0.00005500617500000001
13.888888888888888	-0.347800000000031	0.28050836	0.0013550467	0.014046131000000002	0.00011288743
13.888888888888888	-0.30760000000003096	0.3473355	0.0016410568000000002	0.021407475000000002	0.00011099033
13.888888888888888	-0.26740000000003095	0.41650131	0.0010264186	0.031820690000000006	0.00014589663
13.888888888888888	-0.22720000000003093	0.49319477	0.0025245184999999996	0.045843207000000004	0.0002184789
13.888888888888888	-0.18700000000003092	0.57953912	0.002037785	0.063717432	0.00022790894
13.888888888888888	-0.1468000000000309	0.66200471	0.0010022173	0.086330396	0.00026791532
13.888888888888888	-0.1066000000000309	0.74983748	0.00079305609	0.11470982	0.00037406211000000003
13.888888888888888	-0.0664000000000309	0.84284984	0.00069123	0.14739317	0.0006126070200000001
13.888888888888888	-0.026200000000030907	0.93707283	0.00024120524	0.18837443	0.00066039396
13.888888888888888	0.013999999999969093	1.033525	0.00014081376000000002	0.2347121	0.0009602671200000001
13.888888888888888	0.05419999999996909	1.129856	0.0005909890800000001	0.28927137	0.0013738478000000001
13.888888888888888	0.09439999999996909	1.2222534	0.00065931629	0.34617211	0.00099607331
13.888888888888888	0.13459999999996908	1.3109488999999999	0.0019711402	0.40543118	0.0023748405
13.888888888888888	0.1747999999999691	1.3989074000000001	0.0026483087	0.46966774	0.0031263890000000003
13.888888888888888	0.2149999999999691	1.4809986	0.0030596282000000005	0.53178254	0.0034034346
13.888888888888888	0.2551999999999691	1.5608424	0.0013591432	0.59632816	0.0014874902000000002
13.888888888888888	0.29539999999996913	1.632676	0.0021063721	0.65677651	0.0021059554
13.888888888888888	0.33559999999996915	1.6998986999999999	0.0017569452999999999	0.71591051	0.0017519419
13.888888888888888	0.37579999999996916	1.7586205	0.0025829598	0.76901355	0.0025208516
13.888888888888888	0.41599999999996917	1.8066213	0.00034986258	0.81310704	0.0003558545
13.888888888888888	0.4561999999999692	1.8545326000000002	0.0015033288	0.85835751	0.0014681546000000001
13.888888888888888	0.4963999999999692	1.8888165000000001	0.0008717597000000001	0.89099209	0.00086500817
13.888888888888888	0.5365999999999692	1.918465	0.0007396433100000001	0.91962645	0.00073285191
13.888888888888888	0.5767999999999692	1.943243	0.0006357721	0.94381977	0.00063070898
13.888888888888888	0.6169999999999692	1.9597374	0.00036874524	0.96003232	0.00036657763
13.888888888888888	0.6571999999999693	1.9712494	0.0008190608900000001	0.97139276	0.0008145492
13.888888888888888	0.6973999999999693	1.9812496	0.0002329105	0.9813113	0.00023246405
13.888888888888888	0.7375999999999693	1.988095	0.00019656413	0.98812006	0.00019616047
13.888888888888888	0.7777999999999693	1.9925255	0.0001634394	0.99253518	0.00016318287000000002
13.888888888888888	0.8179999999999693	1.9955348000000002	0.000056374911000000005	0.9955383	0.000056283302
13.888888888888888	0.8581999999999693	1.9973923	0.000020628143	0.99739346	0.000020609956
13.888888888888888	0.8983999999999693	1.9984599	0.000023142588	0.99846036	0.000023137153
13.888888888888888	0.9385999999999693	1.9991036000000002	0.000016325624	0.99910377	0.000016323596000000003
13.888888888888888	0.9787999999999694	1.9994842	0.000011867389	0.99948429	0.000011866271000000001
13.888888888888888	1.0189999999999693	1.9997014	6.315919700000001e-6	0.99970142	6.315577700000001e-6
13.888888888888888	1.0591999999999693	1.9998288	3.8030088000000004e-6	0.99982882	3.8029010000000007e-6
13.888888888888888	1.0993999999999693	1.9999029	1.5327903000000001e-6	0.99990287	1.5327556000000003e-6
13.888888888888888	1.1395999999999693	1.9999443000000001	8.3912677e-7	0.9999443	8.3911665e-7
13.888888888888888	1.1797999999999693	1.9999681	4.7551538e-7	0.99996811	4.7551206e-7
13.888888888888888	1.2199999999999693	1.9999818	3.0387394e-7	0.99998176	3.0387271999999995e-7
13.888888888888888	1.2601999999999693	1.9999896000000001	1.8556523999999998e-7	0.99998957	1.8556480999999998e-7
13.888888888888888	1.3003999999999694	1.999994	1.032139e-7	0.99999403	1.0321376e-7
13.888888888888888	1.3405999999999694	1.9999966	5.905882099999999e-8	0.99999658	5.905877499999999e-8
13.888888888888888	1.3807999999999694	1.9999980000000002	3.4187964999999994e-8	0.99999804	3.418795e-8
13.888888888888888	1.4209999999999694	1.9999989	1.956145e-8	0.99999888	1.9561445e-8
13.888888888888888	1.4611999999999694	1.9999993999999999	1.1192444999999998e-8	0.99999936	1.1192443e-8
13.888888888888888	1.5013999999999694	1.9999996	6.4039311e-9	0.99999963	6.4039305e-9
13.888888888888888	1.5415999999999694	1.9999997999999999	3.6640979000000004e-9	0.99999979	3.6640976e-9
13.888888888888888	1.5817999999999695	1.9999999	2.0964608000000003e-9	0.99999988	2.0964608000000003e-9
13.888888888888888	1.6219999999999695	1.9999999	1.1995161e-9	0.99999993	1.1995159e-9
13.888888888888888	1.6621999999999695	2.	6.8631739e-10	0.99999996	6.863175400000001e-10
13.888888888888888	1.7023999999999695	2.	3.9268471e-10	0.99999998	3.9268469000000004e-10
13.888888888888888	1.7425999999999695	2.	2.2467898000000002e-10	0.99999999	2.2467924000000002e-10
13.888888888888888	1.7827999999999695	2.	1.2855262000000002e-10	0.99999999	1.2855278000000001e-10
13.888888888888888	1.8229999999999695	2.	7.3552922e-11	1.	7.3553063e-11
13.888888888888888	1.8631999999999695	2.	4.2084212e-11	1.	4.2084187000000005e-11
13.888888888888888	1.9033999999999696	2.	2.4078873e-11	1.	2.4078865e-11
13.888888888888888	1.9435999999999696	2.	1.3777126000000002e-11	1.	1.3777076e-11
13.888888888888888	1.9837999999999696	2.	7.8826483e-12	1.	7.882610399999999e-12
13.888888888888888	2.0239999999999694	2.	4.5101078e-12	1.	4.510218e-12
13.888888888888888	2.0641999999999694	2.	2.5806458999999996e-12	1.	2.5805545e-12
13.888888888888888	2.1043999999999694	2.	0.	1.	1.4764577999999999e-12
13.888888888888888	2.1445999999999694	2.	0.	1.	0.
13.888888888888888	2.1847999999999694	2.	0.	1.	0.
13.888888888888888	2.2249999999999694	2.	0.	1.	0.
13.888888888888888	2.2651999999999695	2.	0.	1.	0.
13.888888888888888	2.3053999999999695	2.	0.	1.	0.
13.888888888888888	2.3455999999999695	2.	0.	1.	0.
13.888888888888888	2.3857999999999695	2.	0.	1.	0.
13.888888888888888	2.4259999999999695	2.	0.	1.	0.
13.888888888888888	2.4661999999999695	2.	0.	1.	0.
13.888888888888888	2.5063999999999695	2.	0.	1.	0.
13.888888888888888	2.5465999999999696	2.	0.	1.	0.
13.888888888888888	2.5867999999999696	2.	0.	1.	0.
13.888888888888888	2.6269999999999696	2.	0.	1.	0.
13.888888888888888	2.6671999999999696	2.	0.	1.	0.
13.888888888888888	2.7073999999999696	2.	0.	1.	0.
13.888888888888888	2.7475999999999696	2.	0.	1.	0.
13.888888888888888	2.7877999999999696	2.	0.	1.	0.
13.888888888888888	2.8279999999999696	2.	0.	1.	0.
13.888888888888888	2.8681999999999697	2.	0.	1.	0.
13.888888888888888	2.9083999999999697	2.	0.	1.	0.
13.888888888888888	2.9485999999999697	2.	0.	1.	0.
13.888888888888888	2.9887999999999697	2.	0.	1.	0.
10.75268817204301	-7.021	0.	0.	0.	0.
10.75268817204301	-6.9808	0.	0.	0.	0.
10.75268817204301	-6.940600000000001	0.	0.	0.	0.
10.75268817204301	-6.900400000000001	0.	0.	0.	0.
10.75268817204301	-6.860200000000002	0.	0.	0.	0.
10.75268817204301	-6.820000000000002	0.	0.	0.	0.
10.75268817204301	-6.7798000000000025	0.	0.	0.	0.
10.75268817204301	-6.739600000000003	0.	0.	0.	0.
10.75268817204301	-6.699400000000003	0.	0.	0.	0.
10.75268817204301	-6.659200000000004	0.	0.	0.	0.
10.75268817204301	-6.619000000000004	0.	0.	0.	0.
10.75268817204301	-6.578800000000005	0.	0.	0.	0.
10.75268817204301	-6.538600000000005	0.	0.	0.	0.
10.75268817204301	-6.4984000000000055	0.	0.	0.	0.
10.75268817204301	-6.458200000000006	0.	0.	0.	0.
10.75268817204301	-6.418000000000006	0.	0.	0.	0.
10.75268817204301	-6.377800000000007	0.	0.	0.	0.
10.75268817204301	-6.337600000000007	0.	0.	0.	0.
10.75268817204301	-6.297400000000008	0.	0.	0.	0.
10.75268817204301	-6.257200000000008	0.	0.	0.	0.
10.75268817204301	-6.2170000000000085	0.	0.	0.	0.
10.75268817204301	-6.176800000000009	0.	0.	0.	0.
10.75268817204301	-6.136600000000009	0.	0.	0.	0.
10.75268817204301	-6.09640000000001	0.	0.	0.	0.
10.75268817204301	-6.05620000000001	0.	0.	0.	0.
10.75268817204301	-6.016000000000011	0.	0.	0.	0.
10.75268817204301	-5.975800000000011	0.	0.	0.	0.
10.75268817204301	-5.9356000000000115	0.	0.	0.	0.
10.75268817204301	-5.895400000000012	0.	0.	0.	0.
10.75268817204301	-5.855200000000012	0.	0.	0.	0.
10.75268817204301	-5.815000000000013	0.	0.	0.	0.
10.75268817204301	-5.774800000000013	0.	0.	0.	0.
10.75268817204301	-5.734600000000014	0.	0.	0.	0.
10.75268817204301	-5.694400000000014	0.	0.	0.	0.
10.75268817204301	-5.6542000000000145	0.	0.	0.	0.
10.75268817204301	-5.614000000000015	0.	0.	0.	0.
10.75268817204301	-5.573800000000015	0.	0.	0.	0.
10.75268817204301	-5.533600000000016	0.	0.	0.	0.
10.75268817204301	-5.493400000000016	0.	0.	0.	0.
10.75268817204301	-5.453200000000017	0.	0.	0.	0.
10.75268817204301	-5.413000000000017	0.	0.	0.	0.
10.75268817204301	-5.372800000000018	0.	0.	0.	0.
10.75268817204301	-5.332600000000018	0.	0.	0.	0.
10.75268817204301	-5.292400000000018	0.	0.	0.	0.
10.75268817204301	-5.252200000000019	0.	0.	0.	0.
10.75268817204301	-5.212000000000019	0.	0.	0.	0.
10.75268817204301	-5.17180000000002	0.	0.	0.	0.
10.75268817204301	-5.13160000000002	0.	0.	0.	0.
10.75268817204301	-5.091400000000021	0.	0.	0.	0.
10.75268817204301	-5.051200000000021	0.	0.	0.	0.
10.75268817204301	-5.011000000000021	0.	0.	0.	0.
10.75268817204301	-4.970800000000022	0.	0.	0.	0.
10.75268817204301	-4.930600000000022	0.	0.	0.	0.
10.75268817204301	-4.890400000000023	0.	0.	0.	0.
10.75268817204301	-4.850200000000023	0.	0.	0.	0.
10.75268817204301	-4.810000000000024	0.	0.	0.	0.
10.75268817204301	-4.769800000000024	0.	0.	0.	0.
10.75268817204301	-4.7296000000000245	0.	0.	0.	0.
10.75268817204301	-4.689400000000025	0.	0.	0.	0.
10.75268817204301	-4.649200000000025	0.	0.	0.	0.
10.75268817204301	-4.609000000000026	0.	0.	0.	0.
10.75268817204301	-4.568800000000026	0.	0.	0.	0.
10.75268817204301	-4.528600000000027	0.	0.	0.	0.
10.75268817204301	-4.488400000000027	0.	0.	0.	0.
10.75268817204301	-4.4482000000000275	0.	0.	0.	0.
10.75268817204301	-4.408000000000028	0.	0.	0.	0.
10.75268817204301	-4.367800000000028	0.	0.	0.	0.
10.75268817204301	-4.327600000000029	0.	0.	0.	0.
10.75268817204301	-4.287400000000029	0.	0.	0.	0.
10.75268817204301	-4.24720000000003	0.	0.	0.	0.
10.75268817204301	-4.20700000000003	0.	0.	0.	0.
10.75268817204301	-4.1668000000000305	0.	0.	0.	0.
10.75268817204301	-4.126600000000031	0.	0.	0.	0.
10.75268817204301	-4.086400000000031	0.	0.	0.	0.
10.75268817204301	-4.046200000000032	0.	0.	0.	0.
10.75268817204301	-4.006000000000032	2.9490299e-19	1.8111045000000003e-19	0.	0.
10.75268817204301	-3.965800000000032	9.0205621e-19	1.4668418e-19	0.	0.
10.75268817204301	-3.925600000000032	4.163336300000001e-18	7.3751254e-19	0.	0.
10.75268817204301	-3.885400000000032	1.4901275e-17	1.3805500000000001e-18	0.	0.
10.75268817204301	-3.845200000000032	3.8701681e-17	1.7784935e-18	0.	0.
10.75268817204301	-3.805000000000032	9.7352681e-17	3.7917301e-18	7.318533800000001e-35	2.6124585000000004e-35
10.75268817204301	-3.764800000000032	1.7996021000000003e-16	2.4456525000000005e-18	4.1368975e-33	1.1501688000000001e-34
10.75268817204301	-3.724600000000032	2.9403563000000004e-16	5.5830748e-18	1.3258102e-32	1.7105576000000002e-34
10.75268817204301	-3.684400000000032	4.5283222e-16	8.542760200000001e-18	3.4375924000000004e-32	7.8875825e-34
10.75268817204301	-3.644200000000032	6.972547500000001e-16	1.4002948000000002e-17	8.1459133e-32	2.0257207999999996e-33
10.75268817204301	-3.604000000000032	1.0731693e-15	2.0973649999999998e-17	1.9110424999999998e-31	4.2786199e-33
10.75268817204301	-3.563800000000032	1.6568864e-15	3.2675378e-17	4.5479872999999995e-31	1.002515e-32
10.75268817204301	-3.523600000000032	2.5617876e-15	5.1336565999999997e-17	1.0856082000000002e-30	2.5672630000000004e-32
10.75268817204301	-3.483400000000032	3.9564359e-15	7.738695799999999e-17	2.5980102e-30	5.748197900000001e-32
10.75268817204301	-3.443200000000032	6.1028439000000005e-15	1.1985579e-16	6.2021627000000004e-30	1.3993217999999998e-31
10.75268817204301	-3.403000000000032	9.4048033e-15	1.848574e-16	1.4744409000000002e-29	3.3283742999999996e-31
10.75268817204301	-3.362800000000032	1.4485513e-14	2.8467756e-16	3.4971200000000005e-29	7.890595e-31
10.75268817204301	-3.322600000000032	2.2323237e-14	4.3849091000000004e-16	8.3043503e-29	1.8682391000000003e-30
10.75268817204301	-3.282400000000032	3.4396912000000004e-14	6.750353800000001e-16	1.9716671999999999e-28	4.4222392e-30
10.75268817204301	-3.242200000000032	5.3001579e-14	1.0403656e-15	4.6822023e-28	1.0515466e-29
10.75268817204301	-3.202000000000032	8.165895e-14	1.602208e-15	1.1114682999999999e-27	2.4944552000000002e-29
10.75268817204301	-3.161800000000032	1.2581474e-13	2.4689594e-15	2.6384023e-27	5.920886100000001e-29
10.75268817204301	-3.121600000000032	1.9384687e-13	3.8043889e-15	6.262918999999999e-27	1.4058828e-28
10.75268817204301	-3.081400000000032	2.9866557e-13	5.861313099999999e-15	1.4867456999999998e-26	3.3366344999999997e-28
10.75268817204301	-3.041200000000032	4.6016307e-13	9.0295666e-15	3.5292878e-26	7.917749200000001e-28
10.75268817204301	-3.001000000000032	7.0898735e-13	1.3913218999999999e-14	8.377969699999999e-26	1.879966e-27
10.75268817204301	-2.960800000000032	1.0923644e-12	2.1435855000000003e-14	1.9888341000000003e-25	4.4620244999999994e-27
10.75268817204301	-2.920600000000032	1.6830431e-12	3.3026971e-14	4.7212147e-25	1.059322e-26
10.75268817204301	-2.880400000000032	2.5931217e-12	5.0885578e-14	1.1207506000000002e-24	2.5146464999999998e-26
10.75268817204301	-2.840200000000032	3.9953065e-12	7.840192200000001e-14	2.6605041000000003e-24	5.969696199999999e-26
10.75268817204301	-2.800000000000032	6.1557024e-12	1.2079589e-13	6.3156572000000005e-24	1.4171259000000003e-25
10.75268817204301	-2.759800000000032	9.484297299999998e-12	1.861147e-13	1.499249e-23	3.3640489000000003e-25
10.75268817204301	-2.7196000000000318	1.4612774e-11	2.8675337e-13	3.5590083e-23	7.985735200000001e-25
10.75268817204301	-2.6794000000000318	2.2514389000000002e-11	4.4181046e-13	8.448584e-23	1.8957144e-24
10.75268817204301	-2.6392000000000317	3.4688674e-11	6.8071192e-13	2.0055756999999998e-22	4.500162e-24
10.75268817204301	-2.5990000000000317	5.3445998e-11	1.0487961e-12	4.760954499999999e-22	1.0682758000000001e-23
10.75268817204301	-2.5588000000000317	8.2346034e-11	1.6159156999999998e-12	1.1301837e-21	2.5359345000000002e-23
10.75268817204301	-2.5186000000000317	1.2687328e-10	2.4896943999999998e-12	2.682897e-21	6.0199489e-23
10.75268817204301	-2.4784000000000317	1.9547791000000003e-10	3.8359552e-12	6.3688204999999994e-21	1.4290517999999999e-22
10.75268817204301	-2.4382000000000317	3.0117934000000005e-10	5.9101839e-12	1.5118683999999998e-20	3.3923670999999997e-22
10.75268817204301	-2.3980000000000317	4.6403707e-10	9.106018599999999e-12	3.5889631e-20	8.053003299999999e-22
10.75268817204301	-2.3578000000000316	7.1495742e-10	1.4029945999999999e-11	8.519693900000001e-20	1.9116696999999997e-21
10.75268817204301	-2.3176000000000316	1.1015588e-9	2.1616407000000002e-11	2.0224555000000002e-19	4.538035e-21
10.75268817204301	-2.2774000000000316	1.6972084e-9	3.330512e-11	4.801025100000001e-19	1.0772656e-20
10.75268817204301	-2.2372000000000316	2.6149455999999998e-9	5.1314309999999995e-11	1.1396959e-18	2.5572770999999998e-20
10.75268817204301	-2.1970000000000316	4.0289340000000005e-9	7.9061671e-11	2.7054777000000002e-18	6.0706162e-20
10.75268817204301	-2.1568000000000316	6.2075130999999995e-9	1.2181295e-10	6.422423400000001e-18	1.4410789e-19
10.75268817204301	-2.1166000000000316	9.5641226e-9	1.8768128e-10	1.5245929e-17	3.4209182e-19
10.75268817204301	-2.0764000000000316	1.4735761999999999e-8	2.8916679e-10	3.619169e-17	8.120777700000001e-19
10.75268817204301	-2.0362000000000315	2.270388e-8	4.4552888000000004e-10	8.5913971e-17	1.927758e-18
10.75268817204301	-1.9960000000000315	3.4980622e-8	6.8644111e-10	2.0394764000000002e-16	4.5762247e-18
10.75268817204301	-1.9558000000000315	5.3895802e-8	1.0576225e-9	4.841428600000001e-16	1.0863308e-17
10.75268817204301	-1.9156000000000315	8.303903999999999e-8	1.6295135e-9	1.1492864e-15	2.5787942000000002e-17
10.75268817204301	-1.8754000000000315	1.2794097e-7	2.5106443e-9	2.7282421e-15	6.1216862e-17
10.75268817204301	-1.8352000000000315	1.9712279e-7	3.8682296e-9	6.4764548e-15	1.4531991e-16
10.75268817204301	-1.7950000000000315	3.0371335999999997e-7	5.9599013e-9	1.5374162e-14	3.449679e-16
10.75268817204301	-1.7548000000000314	4.6794058999999996e-7	9.182596899999999e-9	3.6495987000000005e-14	8.189010900000001e-16
10.75268817204301	-1.7146000000000314	7.209699499999999e-7	1.4147881e-8	8.6635928e-14	1.9439407e-15
10.75268817204301	-1.6744000000000314	1.1108183000000001e-6	2.1797989e-8	2.0566e-13	4.6145859e-15
10.75268817204301	-1.6342000000000314	1.7114651e-6	3.3584595e-8	4.8820238e-13	1.0954173000000001e-14
10.75268817204301	-1.5940000000000314	2.6368881e-6	5.1744205e-8	1.1589035e-12	2.6002916e-14
10.75268817204301	-1.5538000000000314	4.0593484000000005e-6	7.861916e-8	2.7485753999999998e-12	6.053303599999999e-14
10.75268817204301	-1.5136000000000314	6.254242500000001e-6	1.2112725e-7	6.5244606999999994e-12	1.4368706e-13
10.75268817204301	-1.4734000000000314	9.6304806e-6	1.9165087e-7	1.5483952e-11	3.4554439e-13
10.75268817204301	-1.4332000000000313	0.000014837265	2.9525973999999997e-7	3.6753106000000005e-11	8.2013901e-13
10.75268817204301	-1.3930000000000313	0.000022841105	4.3958597999999996e-7	8.7189587e-11	1.8517098e-12
10.75268817204301	-1.3528000000000313	0.000035221049	5.953126099999999e-7	2.0719525e-10	3.9558049e-12
10.75268817204301	-1.3126000000000313	0.000054247272	8.8985999e-7	4.914274100000001e-10	9.2046101e-12
10.75268817204301	-1.2724000000000313	0.00008348589800000001	1.3996372000000002e-6	1.1637633e-9	2.3036416e-11
10.75268817204301	-1.2322000000000313	0.00012882729	2.0614620000000003e-6	2.7656649e-9	4.9459663e-11
10.75268817204301	-1.1920000000000313	0.00019815994	3.6468735000000006e-6	6.5394426e-9	1.3351270000000002e-10
10.75268817204301	-1.1518000000000312	0.00030817197	7.3952261e-6	1.5733632e-8	3.5837129000000003e-10
10.75268817204301	-1.1116000000000312	0.00047544051	0.000011436669	3.7287769e-8	8.618170400000001e-10
10.75268817204301	-1.0714000000000312	0.0007278224800000001	0.000016604214	8.770167699999999e-8	1.9072853e-9
10.75268817204301	-1.0312000000000312	0.0011187921	0.000013704160000000002	2.0680299999999998e-7	2.4169925e-9
10.75268817204301	-0.9910000000000312	0.0016959142999999999	0.000031830662	4.8135019e-7	1.0572142e-8
10.75268817204301	-0.9508000000000312	0.0025234955	0.000038274994000000006	1.0953819000000001e-6	2.4825306999999998e-8
10.75268817204301	-0.9106000000000312	0.0038771077	0.000057744557	2.5573576e-6	5.777030399999999e-8
10.75268817204301	-0.8704000000000311	0.0059126787	0.00012071216	5.8442747e-6	1.7434908e-7
10.75268817204301	-0.8302000000000311	0.0086351079	0.00010914137	0.000012643710999999999	2.349023e-7
10.75268817204301	-0.7900000000000311	0.012962284	0.00016867943	0.000028450685	3.152924e-7
10.75268817204301	-0.7498000000000311	0.019327236	0.00046784797	0.00006212847600000001	1.6314141e-6
10.75268817204301	-0.7096000000000311	0.026647151000000004	0.00045599856000000003	0.00012145131000000001	2.3933539000000003e-6
10.75268817204301	-0.6694000000000311	0.039425342	0.00041662904	0.00025842732	3.7896874000000008e-6
10.75268817204301	-0.6292000000000311	0.051863569	0.00024070797999999999	0.00047237871999999997	4.3005927e-6
10.75268817204301	-0.589000000000031	0.070460697	0.00062975372	0.00086381474	0.000011421623
10.75268817204301	-0.548800000000031	0.09586081	0.0006916178400000001	0.0015633743999999999	0.000010053324
10.75268817204301	-0.508600000000031	0.12480265	0.0013737515	0.0026962501	0.0000214255
10.75268817204301	-0.468400000000031	0.16036726	0.0022653415	0.0044757927	0.00004506517
10.75268817204301	-0.428200000000031	0.20459067	0.0021335399999999997	0.0072354804	0.000039093171
10.75268817204301	-0.388000000000031	0.24986027	0.0014355227	0.011192867	0.000053683037
10.75268817204301	-0.347800000000031	0.31000886	0.0017167795999999999	0.016923063999999998	0.00009211258
10.75268817204301	-0.30760000000003096	0.37396429	0.0017348471	0.024719439000000003	0.00006749105100000001
10.75268817204301	-0.26740000000003095	0.44037128	0.0011299166	0.035162652	0.00008629687000000001
10.75268817204301	-0.22720000000003093	0.51032759	0.0018445987	0.04995846600000001	0.000094844414
10.75268817204301	-0.18700000000003092	0.59581792	0.0019021284999999998	0.06747863400000001	0.00041006693
10.75268817204301	-0.1468000000000309	0.67766036	0.0020579618	0.09013428100000001	0.0005446999799999999
10.75268817204301	-0.1066000000000309	0.76433118	0.0010129619	0.11711108	0.00036425888
10.75268817204301	-0.0664000000000309	0.85174819	0.00074738102	0.15014207	0.00085814735
10.75268817204301	-0.026200000000030907	0.94072184	0.00027819623	0.19079281	0.0010947518
10.75268817204301	0.013999999999969093	1.0315017	0.00026714201	0.23324234	0.0022454477
10.75268817204301	0.05419999999996909	1.1222222	0.0006651156000000001	0.28471728	0.0015738142
10.75268817204301	0.09439999999996909	1.2097115999999999	0.00091148193	0.33658938	0.0012728181
10.75268817204301	0.13459999999996908	1.2946721	0.00022859076	0.39229477	0.00054120864
10.75268817204301	0.1747999999999691	1.3802318	0.0017191239	0.45436246	0.0019501147999999998
10.75268817204301	0.2149999999999691	1.4642299	0.0022454857	0.5194572	0.0023965108
10.75268817204301	0.2551999999999691	1.5374368	0.0025656274	0.57687785	0.0028043015999999997
10.75268817204301	0.29539999999996913	1.6054699000000001	0.0032051104000000003	0.63325189	0.0031969324
10.75268817204301	0.33559999999996915	1.6713111	0.0013165484	0.69028697	0.0012620182999999998
10.75268817204301	0.37579999999996916	1.7280677	0.0020935729	0.74089003	0.0020588857999999997
10.75268817204301	0.41599999999996917	1.7816478	0.001680794	0.78997475	0.0016513275
10.75268817204301	0.4561999999999692	1.8262754	0.0015733385	0.8315216	0.0015471636999999999
10.75268817204301	0.4963999999999692	1.8634865	0.0027005997	0.86669402	0.0026696683999999997
10.75268817204301	0.5365999999999692	1.8952928	0.00097295232	0.89714489	0.0009630330700000001
10.75268817204301	0.5767999999999692	1.9200147	0.00080128252	0.92109158	0.00078974978
10.75268817204301	0.6169999999999692	1.9414376	0.0005901180200000001	0.94202694	0.00058381146
10.75268817204301	0.6571999999999693	1.9576126999999999	0.00042374496	0.95791844	0.00042157659
10.75268817204301	0.6973999999999693	1.9696658999999999	0.00020386576	0.96982159	0.00020255989999999998
10.75268817204301	0.7375999999999693	1.9786042000000001	0.00024819095	0.97868002	0.00024783161
10.75268817204301	0.7777999999999693	1.9856226	0.00028412005000000003	0.98565798	0.00028352536
10.75268817204301	0.8179999999999693	1.9903051	0.00011158841999999999	0.99032135	0.00011133882000000001
10.75268817204301	0.8581999999999693	1.9933876000000001	0.000072307551	0.99339501	0.00007216128200000001
10.75268817204301	0.8983999999999693	1.9955539	0.000061106438	0.99555723	0.000061040339
10.75268817204301	0.9385999999999693	1.9971245000000002	0.000042862621	0.99712587	0.000042838125
10.75268817204301	0.9787999999999694	1.9980683	0.000032111106	0.99806895	0.00003209809
10.75268817204301	1.0189999999999693	1.9987288	0.00002090648	0.99872907	0.0000209021
10.75268817204301	1.0591999999999693	1.9991727000000001	0.000018567296	0.99917277	0.000018565068000000002
10.75268817204301	1.0993999999999693	1.9994613	0.000014735056	0.99946132	0.000014733756
10.75268817204301	1.1395999999999693	1.9996478	8.0281006e-6	0.99964786	8.0276567e-6
10.75268817204301	1.1797999999999693	1.999774	4.413858600000001e-6	0.999774	4.4136854e-6
10.75268817204301	1.2199999999999693	1.9998531	2.3497733000000005e-6	0.99985314	2.3497117000000002e-6
10.75268817204301	1.2601999999999693	1.9999048	1.5385268e-6	0.99990481	1.5384996000000002e-6
10.75268817204301	1.3003999999999694	1.9999381999999999	1.0572022000000002e-6	0.99993819	1.0571904000000001e-6
10.75268817204301	1.3405999999999694	1.9999597999999998	6.787117e-7	0.99995984	6.7870675e-7
10.75268817204301	1.3807999999999694	1.999974	5.0118162e-7	0.99997396	5.0117929e-7
10.75268817204301	1.4209999999999694	1.9999831000000001	3.3663763e-7	0.99998308	3.3663659e-7
10.75268817204301	1.4611999999999694	1.999989	2.1851135e-7	0.99998902	2.1851090999999998e-7
10.75268817204301	1.5013999999999694	1.9999929	1.3810464e-7	0.99999287	1.3810446e-7
10.75268817204301	1.5415999999999694	1.9999954	8.9638956e-8	0.99999537	8.9638879e-8
10.75268817204301	1.5817999999999695	1.999997	5.8180799e-8	0.999997	5.8180767e-8
10.75268817204301	1.6219999999999695	1.9999980000000002	3.8292226e-8	0.99999805	3.8292212e-8
10.75268817204301	1.6621999999999695	1.9999987	2.4853495e-8	0.99999873	2.4853489e-8
10.75268817204301	1.7023999999999695	1.9999992	1.6131056e-8	0.99999918	1.6131053e-8
10.75268817204301	1.7425999999999695	1.9999995000000002	1.046977e-8	0.99999947	1.0469769e-8
10.75268817204301	1.7827999999999695	1.9999997	6.7953343000000005e-9	0.99999965	6.7953337999999995e-9
10.75268817204301	1.8229999999999695	1.9999997999999999	4.4104621e-9	0.99999978	4.4104619e-9
10.75268817204301	1.8631999999999695	1.9999999	2.8625766000000004e-9	0.99999985	2.8625765e-9
10.75268817204301	1.9033999999999696	1.9999999	1.8579325e-9	0.99999991	1.8579325e-9
10.75268817204301	1.9435999999999696	1.9999999	1.2058759e-9	0.99999994	1.2058761e-9
10.75268817204301	1.9837999999999696	2.	7.8266379e-10	0.99999996	7.8266388e-10
10.75268817204301	2.0239999999999694	2.	5.0798145e-10	0.99999997	5.079814700000001e-10
10.75268817204301	2.0641999999999694	2.	3.2970112000000004e-10	0.99999998	3.2970116e-10
10.75268817204301	2.1043999999999694	2.	2.1398953000000003e-10	0.99999999	2.1398977e-10
10.75268817204301	2.1445999999999694	2.	1.3888839e-10	0.99999999	1.388882e-10
10.75268817204301	2.1847999999999694	2.	9.014442800000001e-11	1.	9.0144256e-11
10.75268817204301	2.2249999999999694	2.	5.8507365e-11	1.	5.8507252e-11
10.75268817204301	2.2651999999999695	2.	3.7973695000000006e-11	1.	3.7973703e-11
10.75268817204301	2.3053999999999695	2.	2.4646568e-11	1.	2.4646568e-11
10.75268817204301	2.3455999999999695	2.	1.5996792000000003e-11	1.	1.5996636e-11
10.75268817204301	2.3857999999999695	2.	1.0382612e-11	1.	1.0382532999999999e-11
10.75268817204301	2.4259999999999695	2.	6.7387264e-12	1.	6.7386604000000005e-12
10.75268817204301	2.4661999999999695	2.	4.3734408e-12	1.	4.3736395e-12
10.75268817204301	2.5063999999999695	2.	2.8387837999999995e-12	1.	2.8386824e-12
10.75268817204301	2.5465999999999696	2.	0.	1.	1.8424541999999997e-12
10.75268817204301	2.5867999999999696	2.	0.	1.	1.195774e-12
10.75268817204301	2.6269999999999696	2.	0.	1.	0.
10.75268817204301	2.6671999999999696	2.	0.	1.	0.
10.75268817204301	2.7073999999999696	2.	0.	1.	0.
10.75268817204301	2.7475999999999696	2.	0.	1.	0.
10.75268817204301	2.7877999999999696	2.	0.	1.	0.
10.75268817204301	2.8279999999999696	2.	0.	1.	0.
10.75268817204301	2.8681999999999697	2.	0.	1.	0.
10.75268817204301	2.9083999999999697	2.	0.	1.	0.
10.75268817204301	2.9485999999999697	2.	0.	1.	0.
10.75268817204301	2.9887999999999697	2.	0.	1.	0.
8.771929824561402	-7.021	0.	0.	0.	0.
8.771929824561402	-6.9808	0.	0.	0.	0.
8.771929824561402	-6.940600000000001	0.	0.	0.	0.
8.771929824561402	-6.900400000000001	0.	0.	0.	0.
8.771929824561402	-6.860200000000002	0.	0.	0.	0.
8.771929824561402	-6.820000000000002	0.	0.	0.	0.
8.771929824561402	-6.7798000000000025	0.	0.	0.	0.
8.771929824561402	-6.739600000000003	0.	0.	0.	0.
8.771929824561402	-6.699400000000003	0.	0.	0.	0.
8.771929824561402	-6.659200000000004	0.	0.	0.	0.
8.771929824561402	-6.619000000000004	0.	0.	0.	0.
8.771929824561402	-6.578800000000005	0.	0.	0.	0.
8.771929824561402	-6.538600000000005	0.	0.	0.	0.
8.771929824561402	-6.4984000000000055	0.	0.	0.	0.
8.771929824561402	-6.458200000000006	0.	0.	0.	0.
8.771929824561402	-6.418000000000006	0.	0.	0.	0.
8.771929824561402	-6.377800000000007	0.	0.	0.	0.
8.771929824561402	-6.337600000000007	0.	0.	0.	0.
8.771929824561402	-6.297400000000008	0.	0.	0.	0.
8.771929824561402	-6.257200000000008	0.	0.	0.	0.
8.771929824561402	-6.2170000000000085	0.	0.	0.	0.
8.771929824561402	-6.176800000000009	0.	0.	0.	0.
8.771929824561402	-6.136600000000009	0.	0.	0.	0.
8.771929824561402	-6.09640000000001	0.	0.	0.	0.
8.771929824561402	-6.05620000000001	0.	0.	0.	0.
8.771929824561402	-6.016000000000011	0.	0.	0.	0.
8.771929824561402	-5.975800000000011	0.	0.	0.	0.
8.771929824561402	-5.9356000000000115	0.	0.	0.	0.
8.771929824561402	-5.895400000000012	0.	0.	0.	0.
8.771929824561402	-5.855200000000012	0.	0.	0.	0.
8.771929824561402	-5.815000000000013	0.	0.	0.	0.
8.771929824561402	-5.774800000000013	0.	0.	0.	0.
8.771929824561402	-5.734600000000014	0.	0.	0.	0.
8.771929824561402	-5.694400000000014	0.	0.	0.	0.
8.771929824561402	-5.6542000000000145	0.	0.	0.	0.
8.771929824561402	-5.614000000000015	0.	0.	0.	0.
8.771929824561402	-5.573800000000015	0.	0.	0.	0.
8.771929824561402	-5.533600000000016	0.	0.	0.	0.
8.771929824561402	-5.493400000000016	0.	0.	0.	0.
8.771929824561402	-5.453200000000017	0.	0.	0.	0.
8.771929824561402	-5.413000000000017	0.	0.	0.	0.
8.771929824561402	-5.372800000000018	0.	0.	0.	0.
8.771929824561402	-5.332600000000018	0.	0.	0.	0.
8.771929824561402	-5.292400000000018	0.	0.	0.	0.
8.771929824561402	-5.252200000000019	0.	0.	0.	0.
8.771929824561402	-5.212000000000019	0.	0.	0.	0.
8.771929824561402	-5.17180000000002	0.	0.	0.	0.
8.771929824561402	-5.13160000000002	0.	0.	0.	0.
8.771929824561402	-5.091400000000021	0.	0.	0.	0.
8.771929824561402	-5.051200000000021	0.	0.	0.	0.
8.771929824561402	-5.011000000000021	0.	0.	0.	0.
8.771929824561402	-4.970800000000022	0.	0.	0.	0.
8.771929824561402	-4.930600000000022	0.	0.	0.	0.
8.771929824561402	-4.890400000000023	0.	0.	0.	0.
8.771929824561402	-4.850200000000023	0.	0.	0.	0.
8.771929824561402	-4.810000000000024	2.9490299e-19	1.8111045000000003e-19	0.	0.
8.771929824561402	-4.769800000000024	5.7245875e-19	1.3039306000000002e-19	0.	0.
8.771929824561402	-4.7296000000000245	1.8041124000000003e-18	2.9079264e-19	0.	0.
8.771929824561402	-4.689400000000025	6.4531713000000004e-18	8.5627539e-19	0.	0.
8.771929824561402	-4.649200000000025	1.5473733e-17	1.5144345000000001e-18	0.	0.
8.771929824561402	-4.609000000000026	3.726186e-17	2.4756455000000003e-18	0.	0.
8.771929824561402	-4.568800000000026	7.637987499999999e-17	4.1111116e-18	0.	0.
8.771929824561402	-4.528600000000027	1.2918486000000002e-16	3.1523081e-18	6.760014100000001e-34	5.2866689e-35
8.771929824561402	-4.488400000000027	2.0686577000000002e-16	3.2732996e-18	5.2731962e-33	2.0487858e-34
8.771929824561402	-4.4482000000000275	3.0662972e-16	6.3473696000000005e-18	1.3781955000000003e-32	2.8153183e-34
8.771929824561402	-4.408000000000028	4.3525947e-16	8.803375500000001e-18	3.0204359e-32	6.2324444000000005e-34
8.771929824561402	-4.367800000000028	6.182381000000001e-16	1.2877544e-17	6.172027700000001e-32	1.3525068e-33
8.771929824561402	-4.327600000000029	8.7844662e-16	1.9040603e-17	1.2390085e-31	2.8371872999999996e-33
8.771929824561402	-4.287400000000029	1.2510304999999998e-15	2.6120935e-17	2.5051340999999995e-31	5.0723474e-33
8.771929824561402	-4.24720000000003	1.782012e-15	3.6887829e-17	5.087420999999999e-31	1.0114703e-32
8.771929824561402	-4.20700000000003	2.5374840999999996e-15	5.3084843999999994e-17	1.0296696e-30	2.1056044e-32
8.771929824561402	-4.1668000000000305	3.6189628e-15	7.5342554e-17	2.09811e-30	4.2766074e-32
8.771929824561402	-4.126600000000031	5.1585645e-15	1.0665541000000002e-16	4.2647735e-30	8.4575174e-32
8.771929824561402	-4.086400000000031	7.3434661e-15	1.5198546e-16	8.655851400000001e-30	1.7313996999999999e-31
8.771929824561402	-4.046200000000032	1.0450633e-14	2.1656750000000002e-16	1.7554788e-29	3.5566136999999995e-31
8.771929824561402	-4.006000000000032	1.4867049e-14	3.0818156000000003e-16	3.5528562000000003e-29	7.113065899999999e-31
8.771929824561402	-3.965800000000032	2.1152108e-14	4.3774397e-16	7.191388100000001e-29	1.432446e-30
8.771929824561402	-3.925600000000032	3.0096012e-14	6.2352181e-16	1.4558479e-28	2.9200325e-30
8.771929824561402	-3.885400000000032	4.2823401e-14	8.872805700000001e-16	2.9471960000000005e-28	5.912125200000001e-30
8.771929824561402	-3.845200000000032	6.093368900000001e-14	1.2622848e-15	5.967218e-28	1.1941085000000001e-29
8.771929824561402	-3.805000000000032	8.6698218e-14	1.7959261000000003e-15	1.2081334e-27	2.4196709000000002e-29
8.771929824561402	-3.764800000000032	1.2335586e-13	2.5536763e-15	2.4457799999999995e-27	4.8934828000000005e-29
8.771929824561402	-3.724600000000032	1.7551247e-13	3.6347386e-15	4.9513043e-27	9.920317100000001e-29
8.771929824561402	-3.684400000000032	2.497188e-13	5.1718508e-15	1.0023327999999999e-26	2.0078633000000001e-28
8.771929824561402	-3.644200000000032	3.5530197e-13	7.3583604e-15	2.0290704e-26	4.065339e-28
8.771929824561402	-3.604000000000032	5.0552765e-13	1.0470307e-14	4.1076575e-26	8.2311427e-28
8.771929824561402	-3.563800000000032	7.1926926e-13	1.4895963000000003e-14	8.315499899999998e-26	1.6655199e-27
8.771929824561402	-3.523600000000032	1.0233819e-12	2.1194726e-14	1.6833778e-25	3.3723295999999996e-27
8.771929824561402	-3.483400000000032	1.4560762999999999e-12	3.0156085e-14	3.4077994000000004e-25	6.826457899999999e-27
8.771929824561402	-3.443200000000032	2.0717158e-12	4.2906103000000005e-14	6.898671100000001e-25	1.3819814999999997e-26
8.771929824561402	-3.403000000000032	2.9476552e-12	6.1046856e-14	1.3965593000000003e-24	2.7974835e-26
8.771929824561402	-3.362800000000032	4.193947e-12	8.685849300000001e-14	2.8271686000000003e-24	5.6634153e-26
8.771929824561402	-3.322600000000032	5.9671806e-12	1.2358273e-13	5.7232642000000005e-24	1.146472e-25
8.771929824561402	-3.282400000000032	8.4901511e-12	1.7583452e-13	1.1586073e-23	2.3209115000000003e-25
8.771929824561402	-3.242200000000032	1.2079857e-11	2.5017854999999997e-13	2.3454655e-23	4.698375400000001e-25
8.771929824561402	-3.202000000000032	1.7187317e-11	3.5595626e-13	4.7481205e-23	9.511419500000001e-25
8.771929824561402	-3.161800000000032	2.4454252000000002e-11	5.0645751e-13	9.612013700000001e-23	1.9254713000000004e-24
8.771929824561402	-3.121600000000032	3.4793703999999996e-11	7.205913499999999e-13	1.9458389e-22	3.8978727000000005e-24
8.771929824561402	-3.081400000000032	4.950476e-11	1.0252621e-12	3.9391224999999997e-22	7.8908032e-24
8.771929824561402	-3.041200000000032	7.043576900000001e-11	1.4587525e-12	7.974290899999999e-22	1.597403e-23
8.771929824561402	-3.001000000000032	1.0021658000000001e-10	2.0755246e-12	1.6143017e-21	3.2337532e-23
8.771929824561402	-2.960800000000032	1.4258895e-10	2.9530733999999996e-12	3.2679641999999996e-21	6.5463666e-23
8.771929824561402	-2.920600000000032	2.028767e-10	4.201655899999999e-12	6.6156102000000004e-21	1.3252338999999997e-22
8.771929824561402	-2.880400000000032	2.8865459e-10	5.9781492999999995e-12	1.3392525999999998e-20	2.6827802e-22
8.771929824561402	-2.840200000000032	4.1070006e-10	8.5057589e-12	2.7111597e-20	5.4309761e-22
8.771929824561402	-2.800000000000032	5.8468586e-10	1.202881e-11	5.497506599999999e-20	1.0909673e-21
8.771929824561402	-2.759800000000032	8.314140700000001e-10	1.7218911e-11	1.1110672e-19	2.2256812e-21
8.771929824561402	-2.7196000000000318	1.1829426e-9	2.4499204e-11	2.249225e-19	4.5056299999999996e-21
8.771929824561402	-2.6794000000000318	1.6831002000000002e-9	3.4857663e-11	4.5532921e-19	9.1211189e-21
8.771929824561402	-2.6392000000000317	2.3947284e-9	4.9595763e-11	9.2176053e-19	1.8464637e-20
8.771929824561402	-2.5990000000000317	3.4072388e-9	7.0565248e-11	1.8659960000000003e-18	3.7379488e-20
8.771929824561402	-2.5588000000000317	4.8478466e-9	1.0040080000000001e-10	3.7774898e-18	7.5670384e-20
8.771929824561402	-2.5186000000000317	6.8975548e-9	1.4285106000000002e-10	7.647084600000001e-18	1.5318581000000003e-19
8.771929824561402	-2.4784000000000317	9.813896100000001e-9	2.0324962e-10	1.5480625e-17	3.1010667e-19
8.771929824561402	-2.4382000000000317	1.396329e-8	2.8918518e-10	3.1338706e-17	6.277744800000001e-19
8.771929824561402	-2.3980000000000317	1.986708e-8	4.1145497e-10	6.344152800000001e-17	1.2708556e-18
8.771929824561402	-2.3578000000000316	2.8267038999999997e-8	5.854213700000001e-10	1.2842991000000001e-16	2.5726976000000003e-18
8.771929824561402	-2.3176000000000316	4.0218566e-8	8.329421200000001e-10	2.5999125000000003e-16	5.2081229e-18
8.771929824561402	-2.2774000000000316	5.7223292e-8	1.1851165e-9	5.2632167e-16	1.054323e-17
8.771929824561402	-2.2372000000000316	8.1417746e-8	1.6861929e-9	1.0654761e-15	2.134352e-17
8.771929824561402	-2.1970000000000316	1.1584179999999999e-7	2.3991279e-9	2.1569305e-15	4.3207418e-17
8.771929824561402	-2.1568000000000316	1.6482058999999999e-7	3.4134968e-9	4.3664501e-15	8.746825399999999e-17
8.771929824561402	-2.1166000000000316	2.3450794999999998e-7	4.8567473e-9	8.8393584e-15	1.7706895000000003e-16
8.771929824561402	-2.0764000000000316	3.3365959e-7	6.9102123e-9	1.7894223e-14	3.5845453e-16
8.771929824561402	-2.0362000000000315	4.7473313999999997e-7	9.8318918e-9	3.6224693e-14	7.256469100000001e-16
8.771929824561402	-1.9960000000000315	6.7545329e-7	1.3988867e-8	7.3332466e-14	1.4689806e-15
8.771929824561402	-1.9558000000000315	9.6103869e-7	1.9903417e-8	1.4845247e-13	2.9737605e-15
8.771929824561402	-1.9156000000000315	1.3673702e-6	2.8318628e-8	3.0052316e-13	6.0199762e-15
8.771929824561402	-1.8754000000000315	1.9454985000000003e-6	4.0291744e-8	6.0836971e-13	1.2186583e-14
8.771929824561402	-1.8352000000000315	2.7660197e-6	5.6452546000000004e-8	1.2306293999999998e-12	2.4143621000000003e-14
8.771929824561402	-1.7950000000000315	3.935487200000001e-6	8.0320212e-8	2.4912304e-12	4.8874687e-14
8.771929824561402	-1.7548000000000314	5.599386400000001e-6	1.1427837e-7	5.043104499999999e-12	9.8937496e-14
8.771929824561402	-1.7146000000000314	7.966737900000002e-6	1.625924e-7	1.0208888e-11	2.0027706e-13
8.771929824561402	-1.6744000000000314	0.000011327981	2.3681281e-7	2.0660529e-11	4.1135992e-13
8.771929824561402	-1.6342000000000314	0.000016117076	3.3692298999999997e-7	4.1822451000000004e-11	8.326625699999999e-13
8.771929824561402	-1.5940000000000314	0.00002291238	4.6551329e-7	8.4620756e-11	1.6123148e-12
8.771929824561402	-1.5538000000000314	0.000032592075	6.422478599999999e-7	1.7125611e-10	3.2529802e-12
8.771929824561402	-1.5136000000000314	0.000046357338	8.568256199999999e-7	3.4646707e-10	6.2173827e-12
8.771929824561402	-1.4734000000000314	0.00006585515600000001	1.2663018000000002e-6	7.002790800000001e-10	1.3040532e-11
8.771929824561402	-1.4332000000000313	0.000093657147	1.641528e-6	1.4160521000000001e-9	2.4093824e-11
8.771929824561402	-1.3930000000000313	0.00013361687999999998	2.3639129e-6	2.8720886e-9	4.8172739e-11
8.771929824561402	-1.3528000000000313	0.00018980775	3.4885683e-6	5.7996258000000005e-9	9.846153800000001e-11
8.771929824561402	-1.3126000000000313	0.00027233593	5.3419131e-6	1.1812217e-8	2.0948386000000001e-10
8.771929824561402	-1.2724000000000313	0.00038972657	9.427262600000001e-6	2.4067337999999998e-8	4.7337005e-10
8.771929824561402	-1.2322000000000313	0.0005541798300000001	0.000012002478	4.8777088e-8	8.806624e-10
8.771929824561402	-1.1920000000000313	0.0007862709	0.000017844768	9.827032999999999e-8	1.9329306e-9
8.771929824561402	-1.1518000000000312	0.001111736	0.000015921602000000002	1.9719558e-7	2.4393751e-9
8.771929824561402	-1.1116000000000312	0.0015779266	0.000031802468000000005	3.9876428e-7	7.6925796e-9
8.771929824561402	-1.0714000000000312	0.0022009023	0.000027156279000000002	7.901610799999999e-7	1.0154127999999999e-8
8.771929824561402	-1.0312000000000312	0.0030386102	0.000027731742	1.5448134000000001e-6	1.8694986e-8
8.771929824561402	-0.9910000000000312	0.0044156701	0.000046647538	3.1408131e-6	1.9779862e-8
8.771929824561402	-0.9508000000000312	0.006099895199999999	0.000086361715	6.162391000000001e-6	1.0285444e-7
8.771929824561402	-0.9106000000000312	0.0088427482	0.00008596546400000001	0.00001233609	1.2314027e-7
8.771929824561402	-0.8704000000000311	0.011852966	0.00015852552	0.00002357989	3.5380492e-7
8.771929824561402	-0.8302000000000311	0.016896728	0.00023928688000000002	0.00004556003800000001	6.787013299999999e-7
8.771929824561402	-0.7900000000000311	0.022208230000000002	0.0005188434899999999	0.000083507189	1.3932455e-6
8.771929824561402	-0.7498000000000311	0.03131092	0.00047176790000000003	0.00016091705000000002	2.2779869e-6
8.771929824561402	-0.7096000000000311	0.040788297	0.00072736207	0.00028207618	3.2870642000000004e-6
8.771929824561402	-0.6694000000000311	0.05499291	0.0006200768800000001	0.00050067736	5.7136268999999996e-6
8.771929824561402	-0.6292000000000311	0.07213694200000001	0.00036493905	0.0008672777699999999	6.743958500000001e-6
8.771929824561402	-0.589000000000031	0.095317542	0.00099181817	0.0014981437	0.000020332058
8.771929824561402	-0.548800000000031	0.11863553	0.0022350715	0.0024367394	0.000015763295
8.771929824561402	-0.508600000000031	0.15134461	0.0012943308	0.0039119534	0.000025879553
8.771929824561402	-0.468400000000031	0.19008325	0.0020595359	0.0062236393	0.000047844125
8.771929824561402	-0.428200000000031	0.23379701	0.0042088015000000005	0.009401222400000001	0.00002281786
8.771929824561402	-0.388000000000031	0.28650981	0.0016973608000000002	0.013941735	0.00005690520100000001
8.771929824561402	-0.347800000000031	0.34206955	0.0026065388	0.020394408000000003	0.000084171025
8.771929824561402	-0.30760000000003096	0.3986521	0.0026952063	0.029070674000000005	0.000065868133
8.771929824561402	-0.26740000000003095	0.46695137	0.0025102379	0.039968641	0.00017520998
8.771929824561402	-0.22720000000003093	0.5421543	0.0018108339	0.054011153000000006	0.00023882514
8.771929824561402	-0.18700000000003092	0.61871053	0.00087076972	0.071921963	0.00022323816
8.771929824561402	-0.1468000000000309	0.69569445	0.0021589896000000003	0.093831277	0.00061472866
8.771929824561402	-0.1066000000000309	0.77608307	0.0013861486	0.12121016	0.00080729567
8.771929824561402	-0.0664000000000309	0.86125075	0.0011250861	0.15150192	0.0012344355
8.771929824561402	-0.026200000000030907	0.94426119	0.00023555634000000002	0.19091985	0.00060349144
8.771929824561402	0.013999999999969093	1.0297138000000001	0.00013502012	0.23239611	0.0010737556
8.771929824561402	0.05419999999996909	1.1147744	0.00046741914000000004	0.27918695	0.001166141
8.771929824561402	0.09439999999996909	1.1974673	0.0012094073	0.32750649	0.0018310871000000002
8.771929824561402	0.13459999999996908	1.2798631999999999	0.0011862352	0.3816896	0.00169188
8.771929824561402	0.1747999999999691	1.3604702	0.0011247590000000001	0.4393074	0.0013050677999999999
8.771929824561402	0.2149999999999691	1.4342224000000001	0.0026166842000000003	0.49333779	0.0029513187000000003
8.771929824561402	0.2551999999999691	1.5086971	0.0035087424	0.55258478	0.0036047362
8.771929824561402	0.29539999999996913	1.5776188999999998	0.0036484135000000003	0.60946805	0.0037298873
8.771929824561402	0.33559999999996915	1.6422767999999999	0.0023764134	0.6650213	0.0023657836
8.771929824561402	0.37579999999996916	1.7030174	0.0025966394999999997	0.71872929	0.0026017991
8.771929824561402	0.41599999999996917	1.7504032	0.0016686081999999999	0.76104797	0.0016572247000000001
8.771929824561402	0.4561999999999692	1.7987021	0.0020837768	0.80579708	0.0020760223
8.771929824561402	0.4963999999999692	1.8361334	0.0011251682	0.84066506	0.0011184187
8.771929824561402	0.5365999999999692	1.8689532	0.0006719340900000001	0.87178611	0.00066540596
8.771929824561402	0.5767999999999692	1.8983045	0.0011629525	0.90006013	0.0011526307
8.771929824561402	0.6169999999999692	1.9197498	0.0014914	0.92080629	0.0014806084
8.771929824561402	0.6571999999999693	1.9410079999999998	0.00070795729	0.94160369	0.0007050020700000001
8.771929824561402	0.6973999999999693	1.9550322	0.00056352804	0.95537215	0.0005589482700000001
8.771929824561402	0.7375999999999693	1.9668712	0.00016381086	0.9670597	0.00016357036
8.771929824561402	0.7777999999999693	1.975017	0.00053122956	0.97511993	0.00052927175
8.771929824561402	0.8179999999999693	1.9817897000000002	0.00029256604	0.98184348	0.00029157708999999997
8.771929824561402	0.8581999999999693	1.9871093000000002	0.0001263425	0.98713739	0.00012622808
8.771929824561402	0.8983999999999693	1.9903707000000002	0.00013846474	0.99038551	0.00013824703
8.771929824561402	0.9385999999999693	1.9931667	0.000096594384	0.99317437	0.000096483496
8.771929824561402	0.9787999999999694	1.9951390999999998	0.00006398286600000001	0.99514293	0.000063928372
8.771929824561402	1.0189999999999693	1.9966228	0.000040017223	0.99662473	0.000039988107000000003
8.771929824561402	1.0591999999999693	1.9975714	0.000021014816	0.99757235	0.000021002705000000002
8.771929824561402	1.0993999999999693	1.998253	0.000036396377000000007	0.99825353	0.000036385888
8.771929824561402	1.1395999999999693	1.9987684	0.000015155830000000002	0.99876863	0.000015153237
8.771929824561402	1.1797999999999693	1.9991254	0.000018863188	0.99912557	0.00001886116
8.771929824561402	1.2199999999999693	1.9993839	0.000013981311	0.999384	0.000013980249000000001
8.771929824561402	1.2601999999999693	1.9995667	0.000010540647	0.99956671	0.000010540059
8.771929824561402	1.3003999999999694	1.9996977	6.351848700000001e-6	0.99969772	6.3515817e-6
8.771929824561402	1.3405999999999694	1.9997885000000002	3.9267844e-6	0.99978848	3.926661300000001e-6
8.771929824561402	1.3807999999999694	1.9998516	2.7034901e-6	0.99985165	2.7034320000000003e-6
8.771929824561402	1.4209999999999694	1.9998958	1.8267503e-6	0.99989577	1.8267218000000001e-6
8.771929824561402	1.4611999999999694	1.9999268000000001	1.3693447000000001e-6	0.99992683	1.3693298000000003e-6
8.771929824561402	1.5013999999999694	1.9999484	9.9272368e-7	0.99994844	9.927158699999998e-7
8.771929824561402	1.5415999999999694	1.9999637000000001	6.8927209e-7	0.9999637	6.8926838e-7
8.771929824561402	1.5817999999999695	1.9999745	5.1808155e-7	0.9999745	5.1807961e-7
8.771929824561402	1.6219999999999695	1.9999821	3.7497296e-7	0.99998206	3.7497196e-7
8.771929824561402	1.6621999999999695	1.9999874000000002	2.6355838999999994e-7	0.99998739	2.635579e-7
8.771929824561402	1.7023999999999695	1.9999911000000001	1.8095627e-7	0.99999113	1.8095602999999997e-7
8.771929824561402	1.7425999999999695	1.9999938	1.2718579e-7	0.99999377	1.2718567e-7
8.771929824561402	1.7827999999999695	1.9999955999999999	8.9392315e-8	0.99999562	8.939225699999999e-8
8.771929824561402	1.8229999999999695	1.9999969000000002	6.2828897e-8	0.99999692	6.2828868e-8
8.771929824561402	1.8631999999999695	1.9999977999999998	4.4842764e-8	0.99999783	4.4842748999999996e-8
8.771929824561402	1.9033999999999696	1.9999985	3.1517285e-8	0.99999848	3.1517276999999996e-8
8.771929824561402	1.9435999999999696	1.9999989	2.2151565e-8	0.99999893	2.2151560999999998e-8
8.771929824561402	1.9837999999999696	1.9999992	1.5568955e-8	0.99999925	1.5568952999999997e-8
8.771929824561402	2.0239999999999694	1.9999995000000002	1.0942438e-8	0.99999947	1.0942437e-8
8.771929824561402	2.0641999999999694	1.9999996	7.6907461e-9	0.99999963	7.690745599999999e-9
8.771929824561402	2.1043999999999694	1.9999997	5.4053351e-9	0.99999974	5.405335e-9
8.771929824561402	2.1445999999999694	1.9999997999999999	3.7990644000000005e-9	0.99999982	3.7990643000000005e-9
8.771929824561402	2.1847999999999694	1.9999999	2.6701189e-9	0.99999987	2.6701188e-9
8.771929824561402	2.2249999999999694	1.9999999	1.8766551e-9	0.99999991	1.876655e-9
8.771929824561402	2.2651999999999695	1.9999999	1.3189801000000002e-9	0.99999994	1.3189801000000002e-9
8.771929824561402	2.3053999999999695	2.	9.270261600000001e-10	0.99999996	9.2702623e-10
8.771929824561402	2.3455999999999695	2.	6.5154693e-10	0.99999997	6.515470500000001e-10
8.771929824561402	2.3857999999999695	2.	4.5793035e-10	0.99999998	4.5793043000000004e-10
8.771929824561402	2.4259999999999695	2.	3.2184974e-10	0.99999998	3.2184974e-10
8.771929824561402	2.4661999999999695	2.	2.2620747000000001e-10	0.99999999	2.2620761000000002e-10
8.771929824561402	2.5063999999999695	2.	1.5898679e-10	0.99999999	1.5898669000000003e-10
8.771929824561402	2.5465999999999696	2.	1.1174148000000001e-10	0.99999999	1.1174147e-10
8.771929824561402	2.5867999999999696	2.	7.8536015e-11	1.	7.8535941e-11
8.771929824561402	2.6269999999999696	2.	5.5197933e-11	1.	5.5197722000000004e-11
8.771929824561402	2.6671999999999696	2.	3.8795058e-11	1.	3.8794953e-11
8.771929824561402	2.7073999999999696	2.	2.7266372e-11	1.	2.7266553e-11
8.771929824561402	2.7475999999999696	2.	1.9163738e-11	1.	1.9163846000000002e-11
8.771929824561402	2.7877999999999696	2.	1.3469171e-11	1.	1.3469034e-11
8.771929824561402	2.8279999999999696	2.	9.466417599999999e-12	1.	9.466490099999999e-12
8.771929824561402	2.8681999999999697	2.	6.653514e-12	1.	6.6534402e-12
8.771929824561402	2.9083999999999697	2.	4.6763028e-12	1.	4.6762023e-12
8.771929824561402	2.9485999999999697	2.	3.2866144e-12	1.	3.2866309e-12
8.771929824561402	2.9887999999999697	2.	2.3099105e-12	1.	2.3099622e-12
