"tempβ"	"μ"	"density"	"err"	"doublon"	"err"
33.333333333333336	-7.021	0.	0.	0.	0.
33.333333333333336	-6.9808	0.	0.	0.	0.
33.333333333333336	-6.940600000000001	0.	0.	0.	0.
33.333333333333336	-6.900400000000001	0.	0.	0.	0.
33.333333333333336	-6.860200000000002	0.	0.	0.	0.
33.333333333333336	-6.820000000000002	0.	0.	0.	0.
33.333333333333336	-6.7798000000000025	0.	0.	0.	0.
33.333333333333336	-6.739600000000003	0.	0.	0.	0.
33.333333333333336	-6.699400000000003	0.	0.	0.	0.
33.333333333333336	-6.659200000000004	0.	0.	0.	0.
33.333333333333336	-6.619000000000004	0.	0.	0.	0.
33.333333333333336	-6.578800000000005	0.	0.	0.	0.
33.333333333333336	-6.538600000000005	0.	0.	0.	0.
33.333333333333336	-6.4984000000000055	0.	0.	0.	0.
33.333333333333336	-6.458200000000006	0.	0.	0.	0.
33.333333333333336	-6.418000000000006	0.	0.	0.	0.
33.333333333333336	-6.377800000000007	0.	0.	0.	0.
33.333333333333336	-6.337600000000007	0.	0.	0.	0.
33.333333333333336	-6.297400000000008	0.	0.	0.	0.
33.333333333333336	-6.257200000000008	0.	0.	0.	0.
33.333333333333336	-6.2170000000000085	0.	0.	0.	0.
33.333333333333336	-6.176800000000009	0.	0.	0.	0.
33.333333333333336	-6.136600000000009	0.	0.	0.	0.
33.333333333333336	-6.09640000000001	0.	0.	0.	0.
33.333333333333336	-6.05620000000001	0.	0.	0.	0.
33.333333333333336	-6.016000000000011	0.	0.	0.	0.
33.333333333333336	-5.975800000000011	0.	0.	0.	0.
33.333333333333336	-5.9356000000000115	0.	0.	0.	0.
33.333333333333336	-5.895400000000012	0.	0.	0.	0.
33.333333333333336	-5.855200000000012	0.	0.	0.	0.
33.333333333333336	-5.815000000000013	0.	0.	0.	0.
33.333333333333336	-5.774800000000013	0.	0.	0.	0.
33.333333333333336	-5.734600000000014	0.	0.	0.	0.
33.333333333333336	-5.694400000000014	0.	0.	0.	0.
33.333333333333336	-5.6542000000000145	0.	0.	0.	0.
33.333333333333336	-5.614000000000015	0.	0.	0.	0.
33.333333333333336	-5.573800000000015	0.	0.	0.	0.
33.333333333333336	-5.533600000000016	0.	0.	0.	0.
33.333333333333336	-5.493400000000016	0.	0.	0.	0.
33.333333333333336	-5.453200000000017	0.	0.	0.	0.
33.333333333333336	-5.413000000000017	0.	0.	0.	0.
33.333333333333336	-5.372800000000018	0.	0.	0.	0.
33.333333333333336	-5.332600000000018	0.	0.	0.	0.
33.333333333333336	-5.292400000000018	0.	0.	0.	0.
33.333333333333336	-5.252200000000019	0.	0.	0.	0.
33.333333333333336	-5.212000000000019	0.	0.	0.	0.
33.333333333333336	-5.17180000000002	0.	0.	0.	0.
33.333333333333336	-5.13160000000002	0.	0.	0.	0.
33.333333333333336	-5.091400000000021	0.	0.	0.	0.
33.333333333333336	-5.051200000000021	0.	0.	0.	0.
33.333333333333336	-5.011000000000021	0.	0.	0.	0.
33.333333333333336	-4.970800000000022	0.	0.	0.	0.
33.333333333333336	-4.930600000000022	0.	0.	0.	0.
33.333333333333336	-4.890400000000023	0.	0.	0.	0.
33.333333333333336	-4.850200000000023	0.	0.	0.	0.
33.333333333333336	-4.810000000000024	0.	0.	0.	0.
33.333333333333336	-4.769800000000024	0.	0.	0.	0.
33.333333333333336	-4.7296000000000245	0.	0.	0.	0.
33.333333333333336	-4.689400000000025	0.	0.	0.	0.
33.333333333333336	-4.649200000000025	0.	0.	0.	0.
33.333333333333336	-4.609000000000026	0.	0.	0.	0.
33.333333333333336	-4.568800000000026	0.	0.	0.	0.
33.333333333333336	-4.528600000000027	0.	0.	0.	0.
33.333333333333336	-4.488400000000027	0.	0.	0.	0.
33.333333333333336	-4.4482000000000275	0.	0.	0.	0.
33.333333333333336	-4.408000000000028	0.	0.	0.	0.
33.333333333333336	-4.367800000000028	0.	0.	0.	0.
33.333333333333336	-4.327600000000029	0.	0.	0.	0.
33.333333333333336	-4.287400000000029	0.	0.	0.	0.
33.333333333333336	-4.24720000000003	0.	0.	0.	0.
33.333333333333336	-4.20700000000003	0.	0.	0.	0.
33.333333333333336	-4.1668000000000305	0.	0.	0.	0.
33.333333333333336	-4.126600000000031	0.	0.	0.	0.
33.333333333333336	-4.086400000000031	0.	0.	0.	0.
33.333333333333336	-4.046200000000032	0.	0.	0.	0.
33.333333333333336	-4.006000000000032	0.	0.	0.	0.
33.333333333333336	-3.965800000000032	0.	0.	0.	0.
33.333333333333336	-3.925600000000032	0.	0.	0.	0.
33.333333333333336	-3.885400000000032	0.	0.	0.	0.
33.333333333333336	-3.845200000000032	0.	0.	0.	0.
33.333333333333336	-3.805000000000032	0.	0.	0.	0.
33.333333333333336	-3.764800000000032	0.	0.	0.	0.
33.333333333333336	-3.724600000000032	0.	0.	0.	0.
33.333333333333336	-3.684400000000032	0.	0.	0.	0.
33.333333333333336	-3.644200000000032	0.	0.	0.	0.
33.333333333333336	-3.604000000000032	0.	0.	0.	0.
33.333333333333336	-3.563800000000032	0.	0.	0.	0.
33.333333333333336	-3.523600000000032	0.	0.	0.	0.
33.333333333333336	-3.483400000000032	0.	0.	0.	0.
33.333333333333336	-3.443200000000032	0.	0.	0.	0.
33.333333333333336	-3.403000000000032	0.	0.	0.	0.
33.333333333333336	-3.362800000000032	0.	0.	0.	0.
33.333333333333336	-3.322600000000032	0.	0.	0.	0.
33.333333333333336	-3.282400000000032	0.	0.	0.	0.
33.333333333333336	-3.242200000000032	0.	0.	0.	0.
33.333333333333336	-3.202000000000032	0.	0.	0.	0.
33.333333333333336	-3.161800000000032	0.	0.	0.	0.
33.333333333333336	-3.121600000000032	0.	0.	0.	0.
33.333333333333336	-3.081400000000032	0.	0.	0.	0.
33.333333333333336	-3.041200000000032	0.	0.	0.	0.
33.333333333333336	-3.001000000000032	0.	0.	0.	0.
33.333333333333336	-2.960800000000032	0.	0.	0.	0.
33.333333333333336	-2.920600000000032	0.	0.	0.	0.
33.333333333333336	-2.880400000000032	0.	0.	0.	0.
33.333333333333336	-2.840200000000032	0.	0.	0.	0.
33.333333333333336	-2.800000000000032	0.	0.	0.	0.
33.333333333333336	-2.759800000000032	0.	0.	0.	0.
33.333333333333336	-2.7196000000000318	0.	0.	0.	0.
33.333333333333336	-2.6794000000000318	0.	0.	0.	0.
33.333333333333336	-2.6392000000000317	0.	0.	0.	0.
33.333333333333336	-2.5990000000000317	0.	0.	0.	0.
33.333333333333336	-2.5588000000000317	0.	0.	0.	0.
33.333333333333336	-2.5186000000000317	0.	0.	0.	0.
33.333333333333336	-2.4784000000000317	0.	0.	0.	0.
33.333333333333336	-2.4382000000000317	0.	0.	0.	0.
33.333333333333336	-2.3980000000000317	0.	0.	0.	0.
33.333333333333336	-2.3578000000000316	0.	0.	0.	0.
33.333333333333336	-2.3176000000000316	0.	0.	0.	0.
33.333333333333336	-2.2774000000000316	0.	0.	0.	0.
33.333333333333336	-2.2372000000000316	0.	0.	0.	0.
33.333333333333336	-2.1970000000000316	0.	0.	0.	0.
33.333333333333336	-2.1568000000000316	0.	0.	0.	0.
33.333333333333336	-2.1166000000000316	0.	0.	0.	0.
33.333333333333336	-2.0764000000000316	0.	0.	0.	0.
33.333333333333336	-2.0362000000000315	0.	0.	0.	0.
33.333333333333336	-1.9960000000000315	0.	0.	0.	0.
33.333333333333336	-1.9558000000000315	0.	0.	0.	0.
33.333333333333336	-1.9156000000000315	0.	0.	0.	0.
33.333333333333336	-1.8754000000000315	0.	0.	0.	0.
33.333333333333336	-1.8352000000000315	0.	0.	0.	0.
33.333333333333336	-1.7950000000000315	0.	0.	0.	0.
33.333333333333336	-1.7548000000000314	0.	0.	0.	0.
33.333333333333336	-1.7146000000000314	0.	0.	0.	0.
33.333333333333336	-1.6744000000000314	0.	0.	0.	0.
33.333333333333336	-1.6342000000000314	1.2836954000000002e-18	2.8292484000000005e-19	0.	0.
33.333333333333336	-1.5940000000000314	6.8729744e-17	2.809181e-18	9.6296497e-36	6.0903252e-36
33.333333333333336	-1.5538000000000314	3.7624417e-16	7.089343900000001e-18	2.3030270000000002e-32	8.956123000000001e-34
33.333333333333336	-1.5136000000000314	1.4750701e-15	2.6656675000000002e-17	3.5504326e-31	1.0670203000000001e-32
33.333333333333336	-1.4734000000000314	5.659292500000001e-15	9.9884496e-17	5.2914059000000006e-30	1.5154205e-31
33.333333333333336	-1.4332000000000313	2.1614325000000003e-14	3.8520367e-16	7.7179004e-29	2.2391279e-30
33.333333333333336	-1.3930000000000313	8.2545758e-14	1.4724697e-15	1.1257449999999998e-27	3.2557722e-29
33.333333333333336	-1.3528000000000313	3.1524729e-13	5.6240429e-15	1.6419116e-26	4.7519934e-28
33.333333333333336	-1.3126000000000313	1.203942e-12	2.1479688e-14	2.3947355000000005e-25	6.9331336e-27
33.333333333333336	-1.2724000000000313	4.5979131999999996e-12	8.2029754e-14	3.4927572e-24	1.0112026000000002e-25
33.333333333333336	-1.2322000000000313	1.755964e-11	3.1327409e-13	5.0942251000000005e-23	1.4748546000000002e-24
33.333333333333336	-1.1920000000000313	6.706107700000001e-11	1.1964068e-12	7.429984699999999e-22	2.1510836000000002e-23
33.333333333333336	-1.1518000000000312	2.5610934e-10	4.5691333e-12	1.0836716e-20	3.1373804e-22
33.333333333333336	-1.1116000000000312	9.780933600000002e-10	1.7449734e-11	1.5805473000000002e-19	4.5759062e-21
33.333333333333336	-1.0714000000000312	3.7353833e-9	6.6641324e-11	2.3052456e-18	6.6740089e-20
33.333333333333336	-1.0312000000000312	1.4265595999999999e-8	2.5450607e-10	3.3622246e-17	9.7341081e-19
33.333333333333336	-0.9910000000000312	5.448089499999999e-8	9.719674600000002e-10	4.90383e-16	1.4197253e-17
33.333333333333336	-0.9508000000000312	2.0806399e-7	3.7119451e-9	7.152222499999999e-15	2.0706561000000003e-16
33.333333333333336	-0.9106000000000312	7.945906199999999e-7	1.4175456e-8	1.0431213999999999e-13	3.0199123e-15
33.333333333333336	-0.8704000000000311	3.0286596000000003e-6	5.3974319e-8	1.5183972e-12	4.4446996e-14
33.333333333333336	-0.8302000000000311	0.000011575551	1.9742782e-7	2.2172204000000002e-11	6.4223892e-13
33.333333333333336	-0.7900000000000311	0.000044489395	8.8042412e-7	3.2491991e-10	9.898686499999999e-12
33.333333333333336	-0.7498000000000311	0.00017031845000000002	5.480129900000001e-6	4.7416667e-9	1.7410454e-10
33.333333333333336	-0.7096000000000311	0.0006408158200000001	0.000015884565	6.6484918e-8	2.3868507e-9
33.333333333333336	-0.6694000000000311	0.002218831	0.000048698037	7.9137992e-7	3.6898219e-8
33.333333333333336	-0.6292000000000311	0.006883604800000001	0.00010469932999999999	8.079802e-6	2.5817232999999997e-7
33.333333333333336	-0.589000000000031	0.016283704	0.00012430738	0.000047222367	3.9479823e-7
33.333333333333336	-0.548800000000031	0.027310110999999998	0.00010297776	0.00013065654	1.3411837e-6
33.333333333333336	-0.508600000000031	0.038442233	0.00035591582	0.00024999273	3.7713704e-6
33.333333333333336	-0.468400000000031	0.058472853000000005	0.00090331219	0.0005749061800000001	0.000012009301
33.333333333333336	-0.428200000000031	0.10541128	0.0013240972	0.0017994117000000001	0.000020347897
33.333333333333336	-0.388000000000031	0.1606746	0.0014224273	0.0043842814	0.000015893654
33.333333333333336	-0.347800000000031	0.20572749	0.0007978383	0.007353505000000001	0.00003602574
33.333333333333336	-0.30760000000003096	0.24734471	0.0013160717	0.010548859	0.000051429624
33.333333333333336	-0.26740000000003095	0.31858094	0.0039274958999999995	0.0170868	0.00021398870000000002
33.333333333333336	-0.22720000000003093	0.42576584	0.0028715445	0.03087892	0.00033149857
33.333333333333336	-0.18700000000003092	0.54016645	0.0005906638100000001	0.053503508000000005	0.00049999252
33.333333333333336	-0.1468000000000309	0.63709943	0.0012660594	0.07703494500000001	0.00032518377999999997
33.333333333333336	-0.1066000000000309	0.70712612	0.00099217366	0.096445921	0.00061152308
33.333333333333336	-0.0664000000000309	0.79216018	0.0020918554000000002	0.12354355	0.00079450572
33.333333333333336	-0.026200000000030907	0.91290828	0.0028675654	0.16884978	0.00052671187
33.333333333333336	0.013999999999969093	1.0467552	0.00039028401000000003	0.23205396	0.0009674992900000001
33.333333333333336	0.05419999999996909	1.1720408	0.0020898106	0.30753656	0.0014223435000000001
33.333333333333336	0.09439999999996909	1.2696215	0.0016213430000000001	0.37316413	0.0017615710000000002
33.333333333333336	0.13459999999996908	1.3410480999999999	0.0011426577	0.42366657	0.00056654153
33.333333333333336	0.1747999999999691	1.4293913	0.00083475764	0.48986592	0.00081045805
33.333333333333336	0.2149999999999691	1.5365117000000001	0.0031824324	0.57408621	0.0030340785999999997
33.333333333333336	0.2551999999999691	1.6565933999999998	0.0022172787	0.67674795	0.0021003087
33.333333333333336	0.29539999999996913	1.7364701	0.001691084	0.74849361	0.0015988919
33.333333333333336	0.33559999999996915	1.7837185	0.0013713658	0.7919457	0.0014062945
33.333333333333336	0.37579999999996916	1.8220604000000002	0.0014754192	0.82741422	0.0014747700999999998
33.333333333333336	0.41599999999996917	1.879785	0.0014686791	0.88215533	0.0014347975
33.333333333333336	0.4561999999999692	1.9319177	0.0014144496000000001	0.93269747	0.0013955937
33.333333333333336	0.4963999999999692	1.9566985000000001	0.00038916561	0.95701294	0.00038375797
33.333333333333336	0.5365999999999692	1.96966	0.00025264604000000004	0.96981777	0.00025229099
33.333333333333336	0.5767999999999692	1.9803454	0.00023246797	0.98041337	0.00023125546
33.333333333333336	0.6169999999999692	1.9906588	0.00015117892	0.9906738	0.00015068362
33.333333333333336	0.6571999999999693	1.9967427	0.00013152584000000002	0.99674446	0.00013142166
33.333333333333336	0.6973999999999693	1.999069	0.000016623071	0.99906914	0.00001662209
33.333333333333336	0.7375999999999693	1.9997435	8.1934873e-6	0.99974352	8.1932013e-6
33.333333333333336	0.7777999999999693	1.9999325000000001	2.2684268e-6	0.99993252	2.2683990000000004e-6
33.333333333333336	0.8179999999999693	1.9999826	2.8277137000000003e-7	0.99998261	2.8277047e-7
33.333333333333336	0.8581999999999693	1.9999955	8.1049535e-8	0.99999545	8.104945999999999e-8
33.333333333333336	0.8983999999999693	1.9999988	2.1288106e-8	0.99999881	2.1288101e-8
33.333333333333336	0.9385999999999693	1.9999997	5.5745684e-9	0.99999969	5.5745682e-9
33.333333333333336	0.9787999999999694	1.9999999	1.4597012000000002e-9	0.99999992	1.4597014e-9
33.333333333333336	1.0189999999999693	2.	3.8221792e-10	0.99999998	3.8221792e-10
33.333333333333336	1.0591999999999693	2.	1.0008217e-10	0.99999999	1.0008220000000001e-10
33.333333333333336	1.0993999999999693	2.	2.6206093000000002e-11	1.	2.6206228999999997e-11
33.333333333333336	1.1395999999999693	2.	6.861924e-12	1.	6.861927399999999e-12
33.333333333333336	1.1797999999999693	2.	0.	1.	1.7967327999999998e-12
33.333333333333336	1.2199999999999693	2.	0.	1.	0.
33.333333333333336	1.2601999999999693	2.	0.	1.	0.
33.333333333333336	1.3003999999999694	2.	0.	1.	0.
33.333333333333336	1.3405999999999694	2.	0.	1.	0.
33.333333333333336	1.3807999999999694	2.	0.	1.	0.
33.333333333333336	1.4209999999999694	2.	0.	1.	0.
33.333333333333336	1.4611999999999694	2.	0.	1.	0.
33.333333333333336	1.5013999999999694	2.	0.	1.	0.
33.333333333333336	1.5415999999999694	2.	0.	1.	0.
33.333333333333336	1.5817999999999695	2.	0.	1.	0.
33.333333333333336	1.6219999999999695	2.	0.	1.	0.
33.333333333333336	1.6621999999999695	2.	0.	1.	0.
33.333333333333336	1.7023999999999695	2.	0.	1.	0.
33.333333333333336	1.7425999999999695	2.	0.	1.	0.
33.333333333333336	1.7827999999999695	2.	0.	1.	0.
33.333333333333336	1.8229999999999695	2.	0.	1.	0.
33.333333333333336	1.8631999999999695	2.	0.	1.	0.
33.333333333333336	1.9033999999999696	2.	0.	1.	0.
33.333333333333336	1.9435999999999696	2.	0.	1.	0.
33.333333333333336	1.9837999999999696	2.	0.	1.	0.
33.333333333333336	2.0239999999999694	2.	0.	1.	0.
33.333333333333336	2.0641999999999694	2.	0.	1.	0.
33.333333333333336	2.1043999999999694	2.	0.	1.	0.
33.333333333333336	2.1445999999999694	2.	0.	1.	0.
33.333333333333336	2.1847999999999694	2.	0.	1.	0.
33.333333333333336	2.2249999999999694	2.	0.	1.	0.
33.333333333333336	2.2651999999999695	2.	0.	1.	0.
33.333333333333336	2.3053999999999695	2.	0.	1.	0.
33.333333333333336	2.3455999999999695	2.	0.	1.	0.
33.333333333333336	2.3857999999999695	2.	0.	1.	0.
33.333333333333336	2.4259999999999695	2.	0.	1.	0.
33.333333333333336	2.4661999999999695	2.	0.	1.	0.
33.333333333333336	2.5063999999999695	2.	0.	1.	0.
33.333333333333336	2.5465999999999696	2.	0.	1.	0.
33.333333333333336	2.5867999999999696	2.	0.	1.	0.
33.333333333333336	2.6269999999999696	2.	0.	1.	0.
33.333333333333336	2.6671999999999696	2.	0.	1.	0.
33.333333333333336	2.7073999999999696	2.	0.	1.	0.
33.333333333333336	2.7475999999999696	2.	0.	1.	0.
33.333333333333336	2.7877999999999696	2.	0.	1.	0.
33.333333333333336	2.8279999999999696	2.	0.	1.	0.
33.333333333333336	2.8681999999999697	2.	0.	1.	0.
33.333333333333336	2.9083999999999697	2.	0.	1.	0.
33.333333333333336	2.9485999999999697	2.	0.	1.	0.
33.333333333333336	2.9887999999999697	2.	0.	1.	0.
19.6078431372549	-7.021	0.	0.	0.	0.
19.6078431372549	-6.9808	0.	0.	0.	0.
19.6078431372549	-6.940600000000001	0.	0.	0.	0.
19.6078431372549	-6.900400000000001	0.	0.	0.	0.
19.6078431372549	-6.860200000000002	0.	0.	0.	0.
19.6078431372549	-6.820000000000002	0.	0.	0.	0.
19.6078431372549	-6.7798000000000025	0.	0.	0.	0.
19.6078431372549	-6.739600000000003	0.	0.	0.	0.
19.6078431372549	-6.699400000000003	0.	0.	0.	0.
19.6078431372549	-6.659200000000004	0.	0.	0.	0.
19.6078431372549	-6.619000000000004	0.	0.	0.	0.
19.6078431372549	-6.578800000000005	0.	0.	0.	0.
19.6078431372549	-6.538600000000005	0.	0.	0.	0.
19.6078431372549	-6.4984000000000055	0.	0.	0.	0.
19.6078431372549	-6.458200000000006	0.	0.	0.	0.
19.6078431372549	-6.418000000000006	0.	0.	0.	0.
19.6078431372549	-6.377800000000007	0.	0.	0.	0.
19.6078431372549	-6.337600000000007	0.	0.	0.	0.
19.6078431372549	-6.297400000000008	0.	0.	0.	0.
19.6078431372549	-6.257200000000008	0.	0.	0.	0.
19.6078431372549	-6.2170000000000085	0.	0.	0.	0.
19.6078431372549	-6.176800000000009	0.	0.	0.	0.
19.6078431372549	-6.136600000000009	0.	0.	0.	0.
19.6078431372549	-6.09640000000001	0.	0.	0.	0.
19.6078431372549	-6.05620000000001	0.	0.	0.	0.
19.6078431372549	-6.016000000000011	0.	0.	0.	0.
19.6078431372549	-5.975800000000011	0.	0.	0.	0.
19.6078431372549	-5.9356000000000115	0.	0.	0.	0.
19.6078431372549	-5.895400000000012	0.	0.	0.	0.
19.6078431372549	-5.855200000000012	0.	0.	0.	0.
19.6078431372549	-5.815000000000013	0.	0.	0.	0.
19.6078431372549	-5.774800000000013	0.	0.	0.	0.
19.6078431372549	-5.734600000000014	0.	0.	0.	0.
19.6078431372549	-5.694400000000014	0.	0.	0.	0.
19.6078431372549	-5.6542000000000145	0.	0.	0.	0.
19.6078431372549	-5.614000000000015	0.	0.	0.	0.
19.6078431372549	-5.573800000000015	0.	0.	0.	0.
19.6078431372549	-5.533600000000016	0.	0.	0.	0.
19.6078431372549	-5.493400000000016	0.	0.	0.	0.
19.6078431372549	-5.453200000000017	0.	0.	0.	0.
19.6078431372549	-5.413000000000017	0.	0.	0.	0.
19.6078431372549	-5.372800000000018	0.	0.	0.	0.
19.6078431372549	-5.332600000000018	0.	0.	0.	0.
19.6078431372549	-5.292400000000018	0.	0.	0.	0.
19.6078431372549	-5.252200000000019	0.	0.	0.	0.
19.6078431372549	-5.212000000000019	0.	0.	0.	0.
19.6078431372549	-5.17180000000002	0.	0.	0.	0.
19.6078431372549	-5.13160000000002	0.	0.	0.	0.
19.6078431372549	-5.091400000000021	0.	0.	0.	0.
19.6078431372549	-5.051200000000021	0.	0.	0.	0.
19.6078431372549	-5.011000000000021	0.	0.	0.	0.
19.6078431372549	-4.970800000000022	0.	0.	0.	0.
19.6078431372549	-4.930600000000022	0.	0.	0.	0.
19.6078431372549	-4.890400000000023	0.	0.	0.	0.
19.6078431372549	-4.850200000000023	0.	0.	0.	0.
19.6078431372549	-4.810000000000024	0.	0.	0.	0.
19.6078431372549	-4.769800000000024	0.	0.	0.	0.
19.6078431372549	-4.7296000000000245	0.	0.	0.	0.
19.6078431372549	-4.689400000000025	0.	0.	0.	0.
19.6078431372549	-4.649200000000025	0.	0.	0.	0.
19.6078431372549	-4.609000000000026	0.	0.	0.	0.
19.6078431372549	-4.568800000000026	0.	0.	0.	0.
19.6078431372549	-4.528600000000027	0.	0.	0.	0.
19.6078431372549	-4.488400000000027	0.	0.	0.	0.
19.6078431372549	-4.4482000000000275	0.	0.	0.	0.
19.6078431372549	-4.408000000000028	0.	0.	0.	0.
19.6078431372549	-4.367800000000028	0.	0.	0.	0.
19.6078431372549	-4.327600000000029	0.	0.	0.	0.
19.6078431372549	-4.287400000000029	0.	0.	0.	0.
19.6078431372549	-4.24720000000003	0.	0.	0.	0.
19.6078431372549	-4.20700000000003	0.	0.	0.	0.
19.6078431372549	-4.1668000000000305	0.	0.	0.	0.
19.6078431372549	-4.126600000000031	0.	0.	0.	0.
19.6078431372549	-4.086400000000031	0.	0.	0.	0.
19.6078431372549	-4.046200000000032	0.	0.	0.	0.
19.6078431372549	-4.006000000000032	0.	0.	0.	0.
19.6078431372549	-3.965800000000032	0.	0.	0.	0.
19.6078431372549	-3.925600000000032	0.	0.	0.	0.
19.6078431372549	-3.885400000000032	0.	0.	0.	0.
19.6078431372549	-3.845200000000032	0.	0.	0.	0.
19.6078431372549	-3.805000000000032	0.	0.	0.	0.
19.6078431372549	-3.764800000000032	0.	0.	0.	0.
19.6078431372549	-3.724600000000032	0.	0.	0.	0.
19.6078431372549	-3.684400000000032	0.	0.	0.	0.
19.6078431372549	-3.644200000000032	0.	0.	0.	0.
19.6078431372549	-3.604000000000032	0.	0.	0.	0.
19.6078431372549	-3.563800000000032	0.	0.	0.	0.
19.6078431372549	-3.523600000000032	0.	0.	0.	0.
19.6078431372549	-3.483400000000032	0.	0.	0.	0.
19.6078431372549	-3.443200000000032	0.	0.	0.	0.
19.6078431372549	-3.403000000000032	0.	0.	0.	0.
19.6078431372549	-3.362800000000032	0.	0.	0.	0.
19.6078431372549	-3.322600000000032	0.	0.	0.	0.
19.6078431372549	-3.282400000000032	0.	0.	0.	0.
19.6078431372549	-3.242200000000032	0.	0.	0.	0.
19.6078431372549	-3.202000000000032	0.	0.	0.	0.
19.6078431372549	-3.161800000000032	0.	0.	0.	0.
19.6078431372549	-3.121600000000032	0.	0.	0.	0.
19.6078431372549	-3.081400000000032	0.	0.	0.	0.
19.6078431372549	-3.041200000000032	0.	0.	0.	0.
19.6078431372549	-3.001000000000032	0.	0.	0.	0.
19.6078431372549	-2.960800000000032	0.	0.	0.	0.
19.6078431372549	-2.920600000000032	0.	0.	0.	0.
19.6078431372549	-2.880400000000032	0.	0.	0.	0.
19.6078431372549	-2.840200000000032	0.	0.	0.	0.
19.6078431372549	-2.800000000000032	0.	0.	0.	0.
19.6078431372549	-2.759800000000032	0.	0.	0.	0.
19.6078431372549	-2.7196000000000318	0.	0.	0.	0.
19.6078431372549	-2.6794000000000318	0.	0.	0.	0.
19.6078431372549	-2.6392000000000317	0.	0.	0.	0.
19.6078431372549	-2.5990000000000317	0.	0.	0.	0.
19.6078431372549	-2.5588000000000317	0.	0.	0.	0.
19.6078431372549	-2.5186000000000317	0.	0.	0.	0.
19.6078431372549	-2.4784000000000317	0.	0.	0.	0.
19.6078431372549	-2.4382000000000317	0.	0.	0.	0.
19.6078431372549	-2.3980000000000317	3.2959746000000005e-19	1.1441287e-19	0.	0.
19.6078431372549	-2.3578000000000316	5.5511151000000005e-18	5.8763358e-19	0.	0.
19.6078431372549	-2.3176000000000316	4.3853809e-17	2.7324786000000004e-18	0.	0.
19.6078431372549	-2.2774000000000316	1.5891802000000001e-16	3.3396693000000002e-18	2.6481537e-33	9.947013300000003e-35
19.6078431372549	-2.2372000000000316	3.815350800000001e-16	8.0222943e-18	2.2853085000000002e-32	9.071538900000001e-34
19.6078431372549	-2.1970000000000316	8.4654506e-16	1.6960438e-17	1.153998e-31	4.0051198e-33
19.6078431372549	-2.1568000000000316	1.875184e-15	3.6100692e-17	5.656899199999999e-31	1.7695087000000003e-32
19.6078431372549	-2.1166000000000316	4.1425889999999995e-15	7.9442369e-17	2.7813125000000003e-30	8.515929800000001e-32
19.6078431372549	-2.0764000000000316	9.1135259e-15	1.7529959e-16	1.3472009e-29	4.1061255e-31
19.6078431372549	-2.0362000000000315	1.9863295e-14	3.5799654e-16	6.4627004e-29	1.9908683000000002e-30
19.6078431372549	-1.9960000000000315	4.410923e-14	8.469778100000001e-16	3.1573973000000003e-28	9.636134600000002e-30
19.6078431372549	-1.9558000000000315	9.7021766e-14	1.8630471000000003e-15	1.5277611999999997e-27	4.6726675000000004e-29
19.6078431372549	-1.9156000000000315	2.1339913999999998e-13	4.0983662999999995e-15	7.390820099999999e-27	2.2613264e-28
19.6078431372549	-1.8754000000000315	4.6937603e-13	9.0154402e-15	3.5755914e-26	1.0942710999999998e-27
19.6078431372549	-1.8352000000000315	1.0323999e-12	1.9827363e-14	1.7298304000000002e-25	5.2919267e-27
19.6078431372549	-1.7950000000000315	2.2398255999999996e-12	7.675773299999999e-14	8.149375100000001e-25	3.7537348999999994e-26
19.6078431372549	-1.7548000000000314	4.9945937e-12	9.5921765e-14	4.0486188000000005e-24	1.2385437000000002e-25
19.6078431372549	-1.7146000000000314	1.0985671e-11	2.1098098e-13	1.9586643000000003e-23	5.99196e-25
19.6078431372549	-1.6744000000000314	2.4163115e-11	4.6405452e-13	9.4757317e-23	2.8988166000000002e-24
19.6078431372549	-1.6342000000000314	5.3147066e-11	1.0206922999999999e-12	4.5842204e-22	1.4023993e-23
19.6078431372549	-1.5940000000000314	1.1689761e-10	2.2450255999999997e-12	2.2177785e-21	6.784611600000001e-23
19.6078431372549	-1.5538000000000314	2.5711772e-10	4.9379609999999995e-12	1.0729287e-20	3.2822944999999995e-22
19.6078431372549	-1.5136000000000314	5.6553353e-10	1.0861106e-11	5.1906719999999994e-20	1.5879261999999998e-21
19.6078431372549	-1.4734000000000314	1.2438978000000001e-9	2.3889133e-11	2.511171e-19	7.6821535e-21
19.6078431372549	-1.4332000000000313	2.7359683000000003e-9	5.2544433e-11	1.2148677000000001e-18	3.7165129e-20
19.6078431372549	-1.3930000000000313	6.0177949e-9	1.155721e-10	5.877351200000001e-18	1.7979942e-19
19.6078431372549	-1.3528000000000313	1.3236211e-8	2.5420217e-10	2.8433754999999996e-17	8.6984283e-19
19.6078431372549	-1.3126000000000313	2.9113194999999997e-8	5.591204400000001e-10	1.3755824e-16	4.2081676000000006e-18
19.6078431372549	-1.2724000000000313	6.4034773e-8	1.2297906000000001e-9	6.654856000000001e-16	2.0358451999999997e-17
19.6078431372549	-1.2322000000000313	1.4084501e-7	2.7049319e-9	3.2195108e-15	9.8490709e-17
19.6078431372549	-1.1920000000000313	3.0978911999999995e-7	5.9494939999999995e-9	1.5575405000000002e-14	4.7647832e-16
19.6078431372549	-1.1518000000000312	6.8137913e-7	1.3085807999999999e-8	7.535028e-14	2.3050758e-15
19.6078431372549	-1.1116000000000312	1.4986737e-6	2.8781542e-8	3.6452035e-13	1.1151018e-14
19.6078431372549	-1.0714000000000312	3.2916293000000004e-6	6.2717717e-8	1.7607612999999998e-12	5.3308170000000003e-14
19.6078431372549	-1.0312000000000312	7.2453453e-6	1.3245990999999997e-7	8.5368135e-12	2.4411318e-13
19.6078431372549	-0.9910000000000312	0.000015933063	2.9125537e-7	4.1283871000000004e-11	1.1803006e-12
19.6078431372549	-0.9508000000000312	0.0000350698	6.0286406e-7	1.9940668e-10	5.2561259999999994e-12
19.6078431372549	-0.9106000000000312	0.000076945116	1.4660961e-6	9.597569200000001e-10	2.9785461000000005e-11
19.6078431372549	-0.8704000000000311	0.00017058671	4.6764685000000005e-6	4.7060002e-9	1.5018014e-10
19.6078431372549	-0.8302000000000311	0.00037277661	8.7382927e-6	2.2512705e-8	6.202089200000001e-10
19.6078431372549	-0.7900000000000311	0.00079971486	0.000015263357	1.0420729e-7	1.5143617e-9
19.6078431372549	-0.7498000000000311	0.0016842841000000001	0.000014268031000000001	4.5957004e-7	6.9428128e-9
19.6078431372549	-0.7096000000000311	0.0035261109	0.000059140768	2.0680836e-6	5.2945432e-8
19.6078431372549	-0.6694000000000311	0.0071979083	0.000078028057	8.486540900000001e-6	1.788877e-7
19.6078431372549	-0.6292000000000311	0.012903706000000001	0.00030902329	0.000028841414	9.5950267e-7
19.6078431372549	-0.589000000000031	0.023262689000000003	0.00063929239	0.00008946037	2.5696949000000003e-6
19.6078431372549	-0.548800000000031	0.035838494	0.0006606243200000001	0.00021338457	5.277322800000001e-6
19.6078431372549	-0.508600000000031	0.053777491000000004	0.00084670847	0.0004872835	0.000013240452
19.6078431372549	-0.468400000000031	0.08313199900000001	0.0010562	0.0011263031	0.000016498714
19.6078431372549	-0.428200000000031	0.12135374	0.0010006954	0.0023840803	0.000040121453000000003
19.6078431372549	-0.388000000000031	0.16911426	0.0016968484	0.0046805466	0.000057249176
19.6078431372549	-0.347800000000031	0.21879798	0.0015294988	0.0080470131	0.000048869049
19.6078431372549	-0.30760000000003096	0.28175844	0.0019466015	0.013113692	0.000050060471
19.6078431372549	-0.26740000000003095	0.35611547	0.001601202	0.020908644000000004	0.000096731831
19.6078431372549	-0.22720000000003093	0.44583548	0.0015704849000000001	0.033958218000000005	0.00021756174
19.6078431372549	-0.18700000000003092	0.53884166	0.00095633203	0.051036092000000005	0.0003567574
19.6078431372549	-0.1468000000000309	0.62992957	0.00097177006	0.072352048	0.00027653886
19.6078431372549	-0.1066000000000309	0.7262625	0.00072647285	0.09918123000000001	0.00049658356
19.6078431372549	-0.0664000000000309	0.8225909	0.0021778220000000003	0.13429964	0.00051663554
19.6078431372549	-0.026200000000030907	0.92894449	0.00093724533	0.17582766	0.0014913434000000001
19.6078431372549	0.013999999999969093	1.0374365	0.00021254115	0.22586331	0.0010346071
19.6078431372549	0.05419999999996909	1.1473833999999998	0.0007607401	0.29361229	0.0012666215999999999
19.6078431372549	0.09439999999996909	1.2433452	0.0018067438999999999	0.35194412	0.0020874102
19.6078431372549	0.13459999999996908	1.3408408	0.0016465125	0.42187499	0.0017055237
19.6078431372549	0.1747999999999691	1.4375773	0.00085537209	0.49522959	0.00097117524
19.6078431372549	0.2149999999999691	1.5283841	0.0026479544	0.56646895	0.0027595564
19.6078431372549	0.2551999999999691	1.6148381	0.0015830253	0.63972414	0.0015623297000000001
19.6078431372549	0.29539999999996913	1.6935035	0.0021236729	0.70883107	0.0019672333
19.6078431372549	0.33559999999996915	1.7578771000000002	0.0018519348999999998	0.76739207	0.0018405207000000002
19.6078431372549	0.37579999999996916	1.8159411	0.0012837214	0.82150173	0.0012317126
19.6078431372549	0.41599999999996917	1.8671017	0.0013389597	0.87001314	0.0013148076
19.6078431372549	0.4561999999999692	1.9064322	0.0009034770800000001	0.90782726	0.00088954566
19.6078431372549	0.4963999999999692	1.9395807	0.0009206169	0.94019317	0.00090901895
19.6078431372549	0.5365999999999692	1.9592793	0.0006525450900000001	0.95956064	0.00064817974
19.6078431372549	0.5767999999999692	1.9732629	0.00037214641	0.97338098	0.00037112338
19.6078431372549	0.6169999999999692	1.9841128	0.00009439797700000001	0.98415515	0.000094404521
19.6078431372549	0.6571999999999693	1.9913675	0.00013973807	0.99137989	0.00013940957
19.6078431372549	0.6973999999999693	1.9954169	0.000060639632	0.99542026	0.000060585874
19.6078431372549	0.7375999999999693	1.9979345000000002	0.000031242071	0.99793523	0.000031234749
19.6078431372549	0.7777999999999693	1.9989947	0.000023149151	0.9989949	0.000023146371
19.6078431372549	0.8179999999999693	1.999529	0.000011610203	0.99952906	0.000011609214
19.6078431372549	0.8581999999999693	1.9997823000000001	6.228843e-6	0.99978229	6.228575400000001e-6
19.6078431372549	0.8983999999999693	1.9999019000000002	2.0641611000000004e-6	0.99990193	2.064112e-6
19.6078431372549	0.9385999999999693	1.9999554	8.027176e-7	0.99995536	8.027090099999999e-7
19.6078431372549	0.9787999999999694	1.9999798	3.6991011999999997e-7	0.99997976	3.6990835e-7
19.6078431372549	1.0189999999999693	1.9999908	1.6824559e-7	0.9999908	1.6824523e-7
19.6078431372549	1.0591999999999693	1.9999958000000002	7.9664769e-8	0.99999582	7.9664689e-8
19.6078431372549	1.0993999999999693	1.9999981	3.6559292999999994e-8	0.9999981	3.6559276e-8
19.6078431372549	1.1395999999999693	1.9999991000000001	1.6622171e-8	0.99999913	1.6622167e-8
19.6078431372549	1.1797999999999693	1.9999996	7.5573373e-9	0.99999961	7.5573366e-9
19.6078431372549	1.2199999999999693	1.9999997999999999	3.4359422000000003e-9	0.99999982	3.4359416999999997e-9
19.6078431372549	1.2601999999999693	1.9999999	1.5621436e-9	0.99999992	1.5621438000000001e-9
19.6078431372549	1.3003999999999694	2.	7.102238600000001e-10	0.99999996	7.1022398e-10
19.6078431372549	1.3405999999999694	2.	3.2290091e-10	0.99999998	3.2290087000000004e-10
19.6078431372549	1.3807999999999694	2.	1.4680579e-10	0.99999999	1.4680582000000002e-10
19.6078431372549	1.4209999999999694	2.	6.674471400000001e-11	1.	6.6744733e-11
19.6078431372549	1.4611999999999694	2.	3.0345274e-11	1.	3.034526e-11
19.6078431372549	1.5013999999999694	2.	1.3796411000000001e-11	1.	1.3796381999999999e-11
19.6078431372549	1.5415999999999694	2.	6.2725912999999996e-12	1.	6.272522699999999e-12
19.6078431372549	1.5817999999999695	2.	2.8519042999999997e-12	1.	2.8518041e-12
19.6078431372549	1.6219999999999695	2.	0.	1.	1.2965020999999998e-12
19.6078431372549	1.6621999999999695	2.	0.	1.	0.
19.6078431372549	1.7023999999999695	2.	0.	1.	0.
19.6078431372549	1.7425999999999695	2.	0.	1.	0.
19.6078431372549	1.7827999999999695	2.	0.	1.	0.
19.6078431372549	1.8229999999999695	2.	0.	1.	0.
19.6078431372549	1.8631999999999695	2.	0.	1.	0.
19.6078431372549	1.9033999999999696	2.	0.	1.	0.
19.6078431372549	1.9435999999999696	2.	0.	1.	0.
19.6078431372549	1.9837999999999696	2.	0.	1.	0.
19.6078431372549	2.0239999999999694	2.	0.	1.	0.
19.6078431372549	2.0641999999999694	2.	0.	1.	0.
19.6078431372549	2.1043999999999694	2.	0.	1.	0.
19.6078431372549	2.1445999999999694	2.	0.	1.	0.
19.6078431372549	2.1847999999999694	2.	0.	1.	0.
19.6078431372549	2.2249999999999694	2.	0.	1.	0.
19.6078431372549	2.2651999999999695	2.	0.	1.	0.
19.6078431372549	2.3053999999999695	2.	0.	1.	0.
19.6078431372549	2.3455999999999695	2.	0.	1.	0.
19.6078431372549	2.3857999999999695	2.	0.	1.	0.
19.6078431372549	2.4259999999999695	2.	0.	1.	0.
19.6078431372549	2.4661999999999695	2.	0.	1.	0.
19.6078431372549	2.5063999999999695	2.	0.	1.	0.
19.6078431372549	2.5465999999999696	2.	0.	1.	0.
19.6078431372549	2.5867999999999696	2.	0.	1.	0.
19.6078431372549	2.6269999999999696	2.	0.	1.	0.
19.6078431372549	2.6671999999999696	2.	0.	1.	0.
19.6078431372549	2.7073999999999696	2.	0.	1.	0.
19.6078431372549	2.7475999999999696	2.	0.	1.	0.
19.6078431372549	2.7877999999999696	2.	0.	1.	0.
19.6078431372549	2.8279999999999696	2.	0.	1.	0.
19.6078431372549	2.8681999999999697	2.	0.	1.	0.
19.6078431372549	2.9083999999999697	2.	0.	1.	0.
19.6078431372549	2.9485999999999697	2.	0.	1.	0.
19.6078431372549	2.9887999999999697	2.	0.	1.	0.
13.888888888888888	-7.021	0.	0.	0.	0.
13.888888888888888	-6.9808	0.	0.	0.	0.
13.888888888888888	-6.940600000000001	0.	0.	0.	0.
13.888888888888888	-6.900400000000001	0.	0.	0.	0.
13.888888888888888	-6.860200000000002	0.	0.	0.	0.
13.888888888888888	-6.820000000000002	0.	0.	0.	0.
13.888888888888888	-6.7798000000000025	0.	0.	0.	0.
13.888888888888888	-6.739600000000003	0.	0.	0.	0.
13.888888888888888	-6.699400000000003	0.	0.	0.	0.
13.888888888888888	-6.659200000000004	0.	0.	0.	0.
13.888888888888888	-6.619000000000004	0.	0.	0.	0.
13.888888888888888	-6.578800000000005	0.	0.	0.	0.
13.888888888888888	-6.538600000000005	0.	0.	0.	0.
13.888888888888888	-6.4984000000000055	0.	0.	0.	0.
13.888888888888888	-6.458200000000006	0.	0.	0.	0.
13.888888888888888	-6.418000000000006	0.	0.	0.	0.
13.888888888888888	-6.377800000000007	0.	0.	0.	0.
13.888888888888888	-6.337600000000007	0.	0.	0.	0.
13.888888888888888	-6.297400000000008	0.	0.	0.	0.
13.888888888888888	-6.257200000000008	0.	0.	0.	0.
13.888888888888888	-6.2170000000000085	0.	0.	0.	0.
13.888888888888888	-6.176800000000009	0.	0.	0.	0.
13.888888888888888	-6.136600000000009	0.	0.	0.	0.
13.888888888888888	-6.09640000000001	0.	0.	0.	0.
13.888888888888888	-6.05620000000001	0.	0.	0.	0.
13.888888888888888	-6.016000000000011	0.	0.	0.	0.
13.888888888888888	-5.975800000000011	0.	0.	0.	0.
13.888888888888888	-5.9356000000000115	0.	0.	0.	0.
13.888888888888888	-5.895400000000012	0.	0.	0.	0.
13.888888888888888	-5.855200000000012	0.	0.	0.	0.
13.888888888888888	-5.815000000000013	0.	0.	0.	0.
13.888888888888888	-5.774800000000013	0.	0.	0.	0.
13.888888888888888	-5.734600000000014	0.	0.	0.	0.
13.888888888888888	-5.694400000000014	0.	0.	0.	0.
13.888888888888888	-5.6542000000000145	0.	0.	0.	0.
13.888888888888888	-5.614000000000015	0.	0.	0.	0.
13.888888888888888	-5.573800000000015	0.	0.	0.	0.
13.888888888888888	-5.533600000000016	0.	0.	0.	0.
13.888888888888888	-5.493400000000016	0.	0.	0.	0.
13.888888888888888	-5.453200000000017	0.	0.	0.	0.
13.888888888888888	-5.413000000000017	0.	0.	0.	0.
13.888888888888888	-5.372800000000018	0.	0.	0.	0.
13.888888888888888	-5.332600000000018	0.	0.	0.	0.
13.888888888888888	-5.292400000000018	0.	0.	0.	0.
13.888888888888888	-5.252200000000019	0.	0.	0.	0.
13.888888888888888	-5.212000000000019	0.	0.	0.	0.
13.888888888888888	-5.17180000000002	0.	0.	0.	0.
13.888888888888888	-5.13160000000002	0.	0.	0.	0.
13.888888888888888	-5.091400000000021	0.	0.	0.	0.
13.888888888888888	-5.051200000000021	0.	0.	0.	0.
13.888888888888888	-5.011000000000021	0.	0.	0.	0.
13.888888888888888	-4.970800000000022	0.	0.	0.	0.
13.888888888888888	-4.930600000000022	0.	0.	0.	0.
13.888888888888888	-4.890400000000023	0.	0.	0.	0.
13.888888888888888	-4.850200000000023	0.	0.	0.	0.
13.888888888888888	-4.810000000000024	0.	0.	0.	0.
13.888888888888888	-4.769800000000024	0.	0.	0.	0.
13.888888888888888	-4.7296000000000245	0.	0.	0.	0.
13.888888888888888	-4.689400000000025	0.	0.	0.	0.
13.888888888888888	-4.649200000000025	0.	0.	0.	0.
13.888888888888888	-4.609000000000026	0.	0.	0.	0.
13.888888888888888	-4.568800000000026	0.	0.	0.	0.
13.888888888888888	-4.528600000000027	0.	0.	0.	0.
13.888888888888888	-4.488400000000027	0.	0.	0.	0.
13.888888888888888	-4.4482000000000275	0.	0.	0.	0.
13.888888888888888	-4.408000000000028	0.	0.	0.	0.
13.888888888888888	-4.367800000000028	0.	0.	0.	0.
13.888888888888888	-4.327600000000029	0.	0.	0.	0.
13.888888888888888	-4.287400000000029	0.	0.	0.	0.
13.888888888888888	-4.24720000000003	0.	0.	0.	0.
13.888888888888888	-4.20700000000003	0.	0.	0.	0.
13.888888888888888	-4.1668000000000305	0.	0.	0.	0.
13.888888888888888	-4.126600000000031	0.	0.	0.	0.
13.888888888888888	-4.086400000000031	0.	0.	0.	0.
13.888888888888888	-4.046200000000032	0.	0.	0.	0.
13.888888888888888	-4.006000000000032	0.	0.	0.	0.
13.888888888888888	-3.965800000000032	0.	0.	0.	0.
13.888888888888888	-3.925600000000032	0.	0.	0.	0.
13.888888888888888	-3.885400000000032	0.	0.	0.	0.
13.888888888888888	-3.845200000000032	0.	0.	0.	0.
13.888888888888888	-3.805000000000032	0.	0.	0.	0.
13.888888888888888	-3.764800000000032	0.	0.	0.	0.
13.888888888888888	-3.724600000000032	0.	0.	0.	0.
13.888888888888888	-3.684400000000032	0.	0.	0.	0.
13.888888888888888	-3.644200000000032	0.	0.	0.	0.
13.888888888888888	-3.604000000000032	0.	0.	0.	0.
13.888888888888888	-3.563800000000032	0.	0.	0.	0.
13.888888888888888	-3.523600000000032	0.	0.	0.	0.
13.888888888888888	-3.483400000000032	0.	0.	0.	0.
13.888888888888888	-3.443200000000032	0.	0.	0.	0.
13.888888888888888	-3.403000000000032	0.	0.	0.	0.
13.888888888888888	-3.362800000000032	0.	0.	0.	0.
13.888888888888888	-3.322600000000032	0.	0.	0.	0.
13.888888888888888	-3.282400000000032	0.	0.	0.	0.
13.888888888888888	-3.242200000000032	0.	0.	0.	0.
13.888888888888888	-3.202000000000032	2.2551405e-19	1.3877788e-19	0.	0.
13.888888888888888	-3.161800000000032	7.632783300000001e-19	1.2388404000000001e-19	0.	0.
13.888888888888888	-3.121600000000032	4.3194615e-18	6.9950452e-19	0.	0.
13.888888888888888	-3.081400000000032	1.8526847e-17	1.5302483000000001e-18	0.	0.
13.888888888888888	-3.041200000000032	6.0264294e-17	3.4165025000000002e-18	0.	0.
13.888888888888888	-3.001000000000032	1.4259427e-16	4.0119583e-18	1.2595581999999999e-33	7.819607600000002e-35
13.888888888888888	-2.960800000000032	2.8145888000000005e-16	6.1830787000000004e-18	1.0138095000000001e-32	2.7511827e-34
13.888888888888888	-2.920600000000032	4.950727300000001e-16	1.1219028e-17	3.7247485000000007e-32	1.1852842999999999e-33
13.888888888888888	-2.880400000000032	8.684372700000001e-16	2.041495e-17	1.1540556999999999e-31	3.7242395999999993e-33
13.888888888888888	-2.840200000000032	1.5205545e-15	3.4448584e-17	3.5092561999999995e-31	9.839800899999999e-33
13.888888888888888	-2.800000000000032	2.6687506e-15	6.1705821e-17	1.0825633000000001e-30	3.2201410000000006e-32
13.888888888888888	-2.759800000000032	4.6741604e-15	1.0736091000000002e-16	3.332427e-30	1.0260816e-31
13.888888888888888	-2.7196000000000318	8.1770007e-15	1.8786739e-16	1.0236152000000001e-29	3.1033707e-31
13.888888888888888	-2.6794000000000318	1.4290496e-14	3.2918512e-16	3.1256445e-29	9.523027299999999e-31
13.888888888888888	-2.6392000000000317	2.4982360000000002e-14	5.745627100000001e-16	9.5554743e-29	2.8907385000000004e-30
13.888888888888888	-2.5990000000000317	4.366443e-14	1.003187e-15	2.9190480000000005e-28	8.8284879e-30
13.888888888888888	-2.5588000000000317	7.631574199999999e-14	1.7536785999999998e-15	8.917744e-28	2.6975776000000006e-29
13.888888888888888	-2.5186000000000317	1.3338093e-13	3.0649526999999997e-15	2.7240803e-27	8.241218400000001e-29
13.888888888888888	-2.4784000000000317	2.3311734e-13	5.3566242e-15	8.3211629e-27	2.5174669e-28
13.888888888888888	-2.4382000000000317	4.0743442e-13	9.3618766e-15	2.5418741999999996e-26	7.6873657e-28
13.888888888888888	-2.3980000000000317	7.1209509e-13	1.6361691e-14	7.7644248e-26	2.3479887999999997e-27
13.888888888888888	-2.3578000000000316	1.2445696e-12	2.859633e-14	2.3717729000000004e-25	7.172401099999999e-27
13.888888888888888	-2.3176000000000316	2.1752059e-12	4.9979715000000006e-14	7.244931200000001e-25	2.1909321e-26
13.888888888888888	-2.2774000000000316	3.8017342999999995e-12	8.7353313e-14	2.2130862000000003e-24	6.692658099999999e-26
13.888888888888888	-2.2372000000000316	6.6445090999999994e-12	1.5267207999999997e-13	6.760203900000001e-24	2.0443755000000002e-25
13.888888888888888	-2.1970000000000316	1.1612994e-11	2.6683474e-13	2.0650114000000002e-23	6.244955300000001e-25
13.888888888888888	-2.1568000000000316	2.0296702e-11	4.6636145e-13	6.3079021e-23	1.9075935e-24
13.888888888888888	-2.1166000000000316	3.5473723000000005e-11	8.1508764e-13	1.9268483999999998e-22	5.827074800000001e-24
13.888888888888888	-2.0764000000000316	6.199947900000001e-11	1.4245762e-12	5.885862899999999e-22	1.7799724000000002e-23
13.888888888888888	-2.0362000000000315	1.0836008000000001e-10	2.4898136e-12	1.7979297e-21	5.437203699999999e-23
13.888888888888888	-1.9960000000000315	1.8938719000000002e-10	4.3515917999999995e-12	5.4920599000000004e-21	1.6608803e-22
13.888888888888888	-1.9558000000000315	3.3100296000000005e-10	7.6055293e-12	1.6776362999999998e-20	5.0734185e-22
13.888888888888888	-1.9156000000000315	5.7851305e-10	1.3292624000000001e-11	5.1246047999999997e-20	1.5497558999999998e-21
13.888888888888888	-1.8754000000000315	1.0111008e-9	2.323229e-11	1.5653914e-19	4.7339742e-21
13.888888888888888	-1.8352000000000315	1.7671593e-9	4.0604418e-11	4.781734800000001e-19	1.4460671e-20
13.888888888888888	-1.7950000000000315	3.0885667e-9	7.096669100000001e-11	1.4606563e-18	4.4172397e-20
13.888888888888888	-1.7548000000000314	5.3980667999999996e-9	1.2403259e-10	4.4618048e-18	1.3493155000000002e-19
13.888888888888888	-1.7146000000000314	9.4345135e-9	2.1677893000000002e-10	1.3629284999999998e-17	4.1216964000000003e-19
13.888888888888888	-1.6744000000000314	1.6489243999999998e-8	3.7887704000000004e-10	4.1632795e-17	1.2590369000000002e-18
13.888888888888888	-1.6342000000000314	2.8819202999999997e-8	6.6218519e-10	1.2717390000000002e-16	3.8459248000000005e-18
13.888888888888888	-1.5940000000000314	5.0368976e-8	1.157339e-9	3.8847252e-16	1.1747974e-17
13.888888888888888	-1.5538000000000314	8.803273399999999e-8	2.0227469e-9	1.1866495e-15	3.5885987e-17
13.888888888888888	-1.5136000000000314	1.5385978e-7	3.5352677e-9	3.624802e-15	1.0961913e-16
13.888888888888888	-1.4734000000000314	2.6890924999999997e-7	6.178778900000001e-9	1.1072497e-14	3.3484740000000003e-16
13.888888888888888	-1.4332000000000313	4.6998705999999996e-7	1.0798969999999998e-8	3.3822518e-14	1.0228362e-15
13.888888888888888	-1.3930000000000313	8.214199e-7	1.8873862e-8	1.033153e-13	3.1243714e-15
13.888888888888888	-1.3528000000000313	1.4356318000000002e-6	3.2986567e-8	3.1558796999999997e-13	9.5436559e-15
13.888888888888888	-1.3126000000000313	2.5063550000000005e-6	5.6968719999999996e-8	9.6286604e-13	2.8668917e-14
13.888888888888888	-1.2724000000000313	4.3803965e-6	9.956406199999999e-8	2.9410868e-12	8.7567296e-14
13.888888888888888	-1.2322000000000313	7.649696200000001e-6	1.7967804000000002e-7	8.980751099999998e-12	2.7053395e-13
13.888888888888888	-1.1920000000000313	0.000013388802	2.9192797999999997e-7	2.7494426e-11	7.746317700000001e-13
13.888888888888888	-1.1518000000000312	0.000023379582	4.781037699999999e-7	8.3893893e-11	2.2505886999999997e-12
13.888888888888888	-1.1116000000000312	0.000040816528	8.3130166e-7	2.5567402000000003e-10	6.763937399999999e-12
13.888888888888888	-1.0714000000000312	0.000071291933	1.4280023000000002e-6	7.791503100000001e-10	2.145124e-11
13.888888888888888	-1.0312000000000312	0.00012511079000000001	2.4912432000000004e-6	2.3907388e-9	6.068760700000001e-11
13.888888888888888	-0.9910000000000312	0.00022097674	6.29703e-6	7.4251734e-9	2.2993929e-10
13.888888888888888	-0.9508000000000312	0.00038494250000000005	0.000010882825	2.244883e-8	7.264344900000001e-10
13.888888888888888	-0.9106000000000312	0.00066575153	0.000015087643000000002	6.7546903e-8	1.5608772000000002e-9
13.888888888888888	-0.8704000000000311	0.0011511564	0.000021028745	2.0194056e-7	3.5300210999999997e-9
13.888888888888888	-0.8302000000000311	0.0019160938999999999	0.00002839374	5.7887047e-7	1.641286e-8
13.888888888888888	-0.7900000000000311	0.0033492522	0.000052176045000000006	1.7410433e-6	5.7922182e-8
13.888888888888888	-0.7498000000000311	0.0058440797	0.000091456359	5.129088400000001e-6	1.3661134e-7
13.888888888888888	-0.7096000000000311	0.0091413139	0.0001310483	0.000013577294000000002	2.3098921999999998e-7
13.888888888888888	-0.6694000000000311	0.015478749	0.00022988699000000003	0.000036589090000000004	7.4103472e-7
13.888888888888888	-0.6292000000000311	0.023735664000000004	0.00042952702	0.000089318993	1.5967448000000002e-6
13.888888888888888	-0.589000000000031	0.035998531	0.00050514337	0.00020534055	4.8834574e-6
13.888888888888888	-0.548800000000031	0.05378725300000001	0.0011169239	0.00045393941	0.000010312138999999999
13.888888888888888	-0.508600000000031	0.077238366	0.0010171392	0.00093292541	0.000016153045
13.888888888888888	-0.468400000000031	0.11058868	0.0006853205599999999	0.0018173453	0.000027101528000000005
13.888888888888888	-0.428200000000031	0.14810721	0.0029376832000000005	0.0033928327000000004	0.00004278681
13.888888888888888	-0.388000000000031	0.19655588	0.0042018437	0.005915188500000001	0.000077399451
13.888888888888888	-0.347800000000031	0.24927332	0.0021834961	0.010043182000000001	0.00005256771900000001
13.888888888888888	-0.30760000000003096	0.31727638	0.0013217598	0.015868252	0.000057959198999999996
13.888888888888888	-0.26740000000003095	0.38815237	0.005395669600000001	0.024781846	0.00012542025
13.888888888888888	-0.22720000000003093	0.46965825	0.0012207840000000001	0.037003035000000004	0.00030329781
13.888888888888888	-0.18700000000003092	0.55535173	0.0011680427	0.053224366999999995	0.0002832551
13.888888888888888	-0.1468000000000309	0.64939726	0.0030932443	0.074938355	0.0003568437
13.888888888888888	-0.1066000000000309	0.74202146	0.0016314234	0.10157677	0.0007052570299999999
13.888888888888888	-0.0664000000000309	0.83549179	0.0010682258	0.13565171	0.0010069724
13.888888888888888	-0.026200000000030907	0.93527332	0.00053383645	0.17640434	0.00097720367
13.888888888888888	0.013999999999969093	1.0345561	0.00029297447999999997	0.22432132	0.0013834381
13.888888888888888	0.05419999999996909	1.1332059	0.0015738174	0.28046875	0.0029474372
13.888888888888888	0.09439999999996909	1.2302099	0.0020336712	0.34169637	0.0029422734
13.888888888888888	0.13459999999996908	1.3276309	0.002712573	0.41050781	0.0034374924
13.888888888888888	0.1747999999999691	1.4177069	0.001530056	0.47700653	0.0015876749000000002
13.888888888888888	0.2149999999999691	1.5093588999999998	0.00055977561	0.55100604	0.00053189935
13.888888888888888	0.2551999999999691	1.5821683	0.0023106146	0.60980939	0.0022837142999999997
13.888888888888888	0.29539999999996913	1.6647218	0.0033108184000000002	0.6830608	0.0032544271000000003
13.888888888888888	0.33559999999996915	1.7291152	0.0015853272	0.7406192	0.0016222588
13.888888888888888	0.37579999999996916	1.7913332000000002	0.0020634582000000003	0.79833235	0.0020459319000000003
13.888888888888888	0.41599999999996917	1.8401149	0.0026186399999999998	0.84416328	0.0025719752000000003
13.888888888888888	0.4561999999999692	1.8804122	0.0030725433	0.88265945	0.003011236
13.888888888888888	0.4963999999999692	1.9147478000000002	0.0020115013000000003	0.91588486	0.0019884943
13.888888888888888	0.5365999999999692	1.9406068	0.0010998935	0.94116587	0.0010940134
13.888888888888888	0.5767999999999692	1.9594553000000001	0.00060571023	0.95971725	0.00059919044
13.888888888888888	0.6169999999999692	1.9716394000000002	0.0006183883	0.9717598	0.00061597165
13.888888888888888	0.6571999999999693	1.9827879000000002	0.00031778461000000005	0.9828348	0.00031673752
13.888888888888888	0.6973999999999693	1.9894	0.00013202228999999998	0.98941798	0.00013187616999999998
13.888888888888888	0.7375999999999693	1.9934993	0.00010635422000000001	0.99350595	0.00010624675
13.888888888888888	0.7777999999999693	1.9960341000000001	0.00008345971300000001	0.99603648	0.00008337621
13.888888888888888	0.8179999999999693	1.9977632	0.000049770277000000004	0.99776398	0.000049742912
13.888888888888888	0.8581999999999693	1.9986429000000001	0.000023281521	0.99864319	0.000023275748
13.888888888888888	0.8983999999999693	1.9992131	0.000015916706	0.99921324	0.000015914862
13.888888888888888	0.9385999999999693	1.9995494	0.000013688048	0.9995494	0.000013686993
13.888888888888888	0.9787999999999694	1.9997398	8.098946900000002e-6	0.99973984	8.0985904e-6
13.888888888888888	1.0189999999999693	1.9998521999999999	3.4454538000000004e-6	0.9998522	3.4453570000000004e-6
13.888888888888888	1.0591999999999693	1.9999155	1.6542722000000004e-6	0.9999155	1.6542444e-6
13.888888888888888	1.0993999999999693	1.9999515	1.0524684e-6	0.9999515	1.0524586e-6
13.888888888888888	1.1395999999999693	1.9999723	5.4186801e-7	0.99997227	5.4186517e-7
13.888888888888888	1.1797999999999693	1.9999840999999998	3.4581559e-7	0.99998414	3.4581454e-7
13.888888888888888	1.2199999999999693	1.9999908999999998	2.1284923e-7	0.99999094	2.1284886e-7
13.888888888888888	1.2601999999999693	1.9999948	1.1794646e-7	0.99999481	1.1794633999999999e-7
13.888888888888888	1.3003999999999694	1.999997	6.7487225e-8	0.99999703	6.7487186e-8
13.888888888888888	1.3405999999999694	1.9999983	3.9077235999999996e-8	0.9999983	3.9077222999999995e-8
13.888888888888888	1.3807999999999694	1.999999	2.2358796e-8	0.99999903	2.2358790999999998e-8
13.888888888888888	1.4209999999999694	1.9999993999999999	1.2792943000000001e-8	0.99999944	1.2792941999999999e-8
13.888888888888888	1.4611999999999694	1.9999997	7.3196632e-9	0.99999968	7.3196627999999996e-9
13.888888888888888	1.5013999999999694	1.9999997999999999	4.188040800000001e-9	0.99999982	4.188040800000001e-9
13.888888888888888	1.5415999999999694	1.9999999	2.3962398e-9	0.9999999	2.3962397e-9
13.888888888888888	1.5817999999999695	1.9999999	1.3710376e-9	0.99999994	1.3710375e-9
13.888888888888888	1.6219999999999695	2.	7.844555100000001e-10	0.99999997	7.8445546e-10
13.888888888888888	1.6621999999999695	2.	4.4883528000000004e-10	0.99999998	4.4883539e-10
13.888888888888888	1.7023999999999695	2.	2.5680652e-10	0.99999999	2.5680639e-10
13.888888888888888	1.7425999999999695	2.	1.4693467e-10	0.99999999	1.4693474000000003e-10
13.888888888888888	1.7827999999999695	2.	8.4070507e-11	1.	8.4070402e-11
13.888888888888888	1.8229999999999695	2.	4.8101936e-11	1.	4.8101831000000004e-11
13.888888888888888	1.8631999999999695	2.	2.752217e-11	1.	2.7522062000000004e-11
13.888888888888888	1.9033999999999696	2.	1.5747082000000003e-11	1.	1.5747111e-11
13.888888888888888	1.9435999999999696	2.	9.0098217e-12	1.	9.009830599999999e-12
13.888888888888888	1.9837999999999696	2.	5.155234199999999e-12	1.	5.155113099999999e-12
13.888888888888888	2.0239999999999694	2.	2.9495904e-12	1.	2.9496003999999997e-12
13.888888888888888	2.0641999999999694	2.	0.	1.	1.6875423e-12
13.888888888888888	2.1043999999999694	2.	0.	1.	0.
13.888888888888888	2.1445999999999694	2.	0.	1.	0.
13.888888888888888	2.1847999999999694	2.	0.	1.	0.
13.888888888888888	2.2249999999999694	2.	0.	1.	0.
13.888888888888888	2.2651999999999695	2.	0.	1.	0.
13.888888888888888	2.3053999999999695	2.	0.	1.	0.
13.888888888888888	2.3455999999999695	2.	0.	1.	0.
13.888888888888888	2.3857999999999695	2.	0.	1.	0.
13.888888888888888	2.4259999999999695	2.	0.	1.	0.
13.888888888888888	2.4661999999999695	2.	0.	1.	0.
13.888888888888888	2.5063999999999695	2.	0.	1.	0.
13.888888888888888	2.5465999999999696	2.	0.	1.	0.
13.888888888888888	2.5867999999999696	2.	0.	1.	0.
13.888888888888888	2.6269999999999696	2.	0.	1.	0.
13.888888888888888	2.6671999999999696	2.	0.	1.	0.
13.888888888888888	2.7073999999999696	2.	0.	1.	0.
13.888888888888888	2.7475999999999696	2.	0.	1.	0.
13.888888888888888	2.7877999999999696	2.	0.	1.	0.
13.888888888888888	2.8279999999999696	2.	0.	1.	0.
13.888888888888888	2.8681999999999697	2.	0.	1.	0.
13.888888888888888	2.9083999999999697	2.	0.	1.	0.
13.888888888888888	2.9485999999999697	2.	0.	1.	0.
13.888888888888888	2.9887999999999697	2.	0.	1.	0.
10.75268817204301	-7.021	0.	0.	0.	0.
10.75268817204301	-6.9808	0.	0.	0.	0.
10.75268817204301	-6.940600000000001	0.	0.	0.	0.
10.75268817204301	-6.900400000000001	0.	0.	0.	0.
10.75268817204301	-6.860200000000002	0.	0.	0.	0.
10.75268817204301	-6.820000000000002	0.	0.	0.	0.
10.75268817204301	-6.7798000000000025	0.	0.	0.	0.
10.75268817204301	-6.739600000000003	0.	0.	0.	0.
10.75268817204301	-6.699400000000003	0.	0.	0.	0.
10.75268817204301	-6.659200000000004	0.	0.	0.	0.
10.75268817204301	-6.619000000000004	0.	0.	0.	0.
10.75268817204301	-6.578800000000005	0.	0.	0.	0.
10.75268817204301	-6.538600000000005	0.	0.	0.	0.
10.75268817204301	-6.4984000000000055	0.	0.	0.	0.
10.75268817204301	-6.458200000000006	0.	0.	0.	0.
10.75268817204301	-6.418000000000006	0.	0.	0.	0.
10.75268817204301	-6.377800000000007	0.	0.	0.	0.
10.75268817204301	-6.337600000000007	0.	0.	0.	0.
10.75268817204301	-6.297400000000008	0.	0.	0.	0.
10.75268817204301	-6.257200000000008	0.	0.	0.	0.
10.75268817204301	-6.2170000000000085	0.	0.	0.	0.
10.75268817204301	-6.176800000000009	0.	0.	0.	0.
10.75268817204301	-6.136600000000009	0.	0.	0.	0.
10.75268817204301	-6.09640000000001	0.	0.	0.	0.
10.75268817204301	-6.05620000000001	0.	0.	0.	0.
10.75268817204301	-6.016000000000011	0.	0.	0.	0.
10.75268817204301	-5.975800000000011	0.	0.	0.	0.
10.75268817204301	-5.9356000000000115	0.	0.	0.	0.
10.75268817204301	-5.895400000000012	0.	0.	0.	0.
10.75268817204301	-5.855200000000012	0.	0.	0.	0.
10.75268817204301	-5.815000000000013	0.	0.	0.	0.
10.75268817204301	-5.774800000000013	0.	0.	0.	0.
10.75268817204301	-5.734600000000014	0.	0.	0.	0.
10.75268817204301	-5.694400000000014	0.	0.	0.	0.
10.75268817204301	-5.6542000000000145	0.	0.	0.	0.
10.75268817204301	-5.614000000000015	0.	0.	0.	0.
10.75268817204301	-5.573800000000015	0.	0.	0.	0.
10.75268817204301	-5.533600000000016	0.	0.	0.	0.
10.75268817204301	-5.493400000000016	0.	0.	0.	0.
10.75268817204301	-5.453200000000017	0.	0.	0.	0.
10.75268817204301	-5.413000000000017	0.	0.	0.	0.
10.75268817204301	-5.372800000000018	0.	0.	0.	0.
10.75268817204301	-5.332600000000018	0.	0.	0.	0.
10.75268817204301	-5.292400000000018	0.	0.	0.	0.
10.75268817204301	-5.252200000000019	0.	0.	0.	0.
10.75268817204301	-5.212000000000019	0.	0.	0.	0.
10.75268817204301	-5.17180000000002	0.	0.	0.	0.
10.75268817204301	-5.13160000000002	0.	0.	0.	0.
10.75268817204301	-5.091400000000021	0.	0.	0.	0.
10.75268817204301	-5.051200000000021	0.	0.	0.	0.
10.75268817204301	-5.011000000000021	0.	0.	0.	0.
10.75268817204301	-4.970800000000022	0.	0.	0.	0.
10.75268817204301	-4.930600000000022	0.	0.	0.	0.
10.75268817204301	-4.890400000000023	0.	0.	0.	0.
10.75268817204301	-4.850200000000023	0.	0.	0.	0.
10.75268817204301	-4.810000000000024	0.	0.	0.	0.
10.75268817204301	-4.769800000000024	0.	0.	0.	0.
10.75268817204301	-4.7296000000000245	0.	0.	0.	0.
10.75268817204301	-4.689400000000025	0.	0.	0.	0.
10.75268817204301	-4.649200000000025	0.	0.	0.	0.
10.75268817204301	-4.609000000000026	0.	0.	0.	0.
10.75268817204301	-4.568800000000026	0.	0.	0.	0.
10.75268817204301	-4.528600000000027	0.	0.	0.	0.
10.75268817204301	-4.488400000000027	0.	0.	0.	0.
10.75268817204301	-4.4482000000000275	0.	0.	0.	0.
10.75268817204301	-4.408000000000028	0.	0.	0.	0.
10.75268817204301	-4.367800000000028	0.	0.	0.	0.
10.75268817204301	-4.327600000000029	0.	0.	0.	0.
10.75268817204301	-4.287400000000029	0.	0.	0.	0.
10.75268817204301	-4.24720000000003	0.	0.	0.	0.
10.75268817204301	-4.20700000000003	0.	0.	0.	0.
10.75268817204301	-4.1668000000000305	0.	0.	0.	0.
10.75268817204301	-4.126600000000031	0.	0.	0.	0.
10.75268817204301	-4.086400000000031	0.	0.	0.	0.
10.75268817204301	-4.046200000000032	0.	0.	0.	0.
10.75268817204301	-4.006000000000032	2.6020852000000003e-19	1.6457032e-19	0.	0.
10.75268817204301	-3.965800000000032	5.2041704000000005e-19	1.4252208e-19	0.	0.
10.75268817204301	-3.925600000000032	1.7000290000000003e-18	2.5078606e-19	0.	0.
10.75268817204301	-3.885400000000032	6.331740700000001e-18	8.555722300000001e-19	0.	0.
10.75268817204301	-3.845200000000032	1.7347235e-17	1.5813601e-18	0.	0.
10.75268817204301	-3.805000000000032	4.3975239999999996e-17	3.0692842e-18	0.	0.
10.75268817204301	-3.764800000000032	9.223524699999999e-17	4.6637614000000005e-18	2.1185229000000004e-35	8.2837379e-36
10.75268817204301	-3.724600000000032	1.6826818e-16	4.0697663000000006e-18	2.1262267e-33	5.6920924e-35
10.75268817204301	-3.684400000000032	2.8236094000000004e-16	6.581932700000001e-18	9.101944899999999e-33	2.8897615e-34
10.75268817204301	-3.644200000000032	4.3956158000000005e-16	1.1091159e-17	2.6645241e-32	7.391344300000001e-34
10.75268817204301	-3.604000000000032	6.7845035e-16	1.7911954e-17	6.643302800000001e-32	2.0589541999999998e-33
10.75268817204301	-3.563800000000032	1.0449107000000001e-15	2.7054388e-17	1.5736580999999998e-31	4.568534e-33
10.75268817204301	-3.523600000000032	1.611003e-15	4.1652157e-17	3.7338773999999998e-31	1.0827092000000001e-32
10.75268817204301	-3.483400000000032	2.4874373e-15	6.414322999999999e-17	8.8909015e-31	2.4868487000000004e-32
10.75268817204301	-3.443200000000032	3.8392206e-15	9.738533999999999e-17	2.1149195e-30	5.742690400000001e-32
10.75268817204301	-3.403000000000032	5.9252603e-15	1.5084515e-16	5.057155e-30	1.4103857999999998e-31
10.75268817204301	-3.362800000000032	9.132313e-15	2.3244939e-16	1.2034029000000002e-29	3.3431551999999996e-31
10.75268817204301	-3.322600000000032	1.4073014e-14	3.5891434e-16	2.8599187e-29	7.9745885e-31
10.75268817204301	-3.282400000000032	2.1681667e-14	5.522088300000001e-16	6.787928500000001e-29	1.8837407e-30
10.75268817204301	-3.242200000000032	3.3406715e-14	8.5059186e-16	1.6112932999999999e-28	4.4729155e-30
10.75268817204301	-3.202000000000032	5.1473252999999995e-14	1.3108986999999999e-15	3.8256865000000002e-28	1.0629386000000001e-29
10.75268817204301	-3.161800000000032	7.9309424e-14	2.0194429999999998e-15	9.0826035e-28	2.5229218e-29
10.75268817204301	-3.121600000000032	1.2219531e-13	3.1118106000000003e-15	2.1562068999999997e-27	5.994803600000001e-29
10.75268817204301	-3.081400000000032	1.8827117e-13	4.7942097e-15	5.118546299999999e-27	1.4214298e-28
10.75268817204301	-3.041200000000032	2.9007509999999996e-13	7.3877102e-15	1.2150507e-26	3.3777597e-28
10.75268817204301	-3.001000000000032	4.4692828e-13	1.138182e-14	2.8844082999999996e-26	8.0155903e-28
10.75268817204301	-2.960800000000032	6.885953599999999e-13	1.7536722e-14	6.8471146e-26	1.9035648999999996e-27
10.75268817204301	-2.920600000000032	1.0609412e-12	2.7019554000000003e-14	1.6254042e-25	4.517947399999999e-27
10.75268817204301	-2.880400000000032	1.6346279999999997e-12	4.1630003e-14	3.8584910000000004e-25	1.0725212e-26
10.75268817204301	-2.840200000000032	2.5185239999999995e-12	6.4140213e-14	9.1594712e-25	2.5458867999999999e-26
10.75268817204301	-2.800000000000032	3.8803742e-12	9.8823332e-14	2.1743310000000002e-24	6.043826499999999e-26
10.75268817204301	-2.759800000000032	5.9786239e-12	1.5225975e-13	5.161553300000001e-24	1.4346557000000001e-25
10.75268817204301	-2.7196000000000318	9.2114631e-12	2.3459272e-13	1.2252807e-23	3.4056846000000004e-25
10.75268817204301	-2.6794000000000318	1.4192410999999999e-11	3.614436e-13	2.9086449e-23	8.0845538e-25
10.75268817204301	-2.6392000000000317	2.1866722e-11	5.5688921e-13	6.9047159e-23	1.9191855e-24
10.75268817204301	-2.5990000000000317	3.369079e-11	8.5801765e-13	1.6390825e-22	4.5558671000000005e-24
10.75268817204301	-2.5588000000000317	5.1908524e-11	1.3219763e-12	3.8909513999999995e-22	1.0814989999999999e-23
10.75268817204301	-2.5186000000000317	7.9977196e-11	2.0368135e-12	9.2365713e-22	2.5673266000000003e-23
10.75268817204301	-2.4784000000000317	1.2322354000000002e-10	3.1381871e-12	2.1926322e-21	6.0944751e-23
10.75268817204301	-2.4382000000000317	1.8985462000000003e-10	4.8351084e-12	5.2050003e-21	1.4467411999999997e-22
10.75268817204301	-2.3980000000000317	2.9251535e-10	7.4496144e-12	1.2355939e-20	3.4343644999999997e-22
10.75268817204301	-2.3578000000000316	4.5068817000000004e-10	1.1477867999999999e-11	2.9331263000000004e-20	8.152693799999999e-22
10.75268817204301	-2.3176000000000316	6.943903200000001e-10	1.7684336000000003e-11	6.9628293e-20	1.9353354e-21
10.75268817204301	-2.2774000000000316	1.0698704e-9	2.7246847000000002e-11	1.6528778e-19	4.594214e-21
10.75268817204301	-2.2372000000000316	1.648385e-9	4.1980127e-11	3.9236995000000007e-19	1.0906017e-20
10.75268817204301	-2.1970000000000316	2.5397218e-9	6.4680183e-11	9.314310900000001e-19	2.5889350999999997e-20
10.75268817204301	-2.1568000000000316	3.9130342e-9	9.965491800000001e-11	2.2110864e-18	6.1457682e-20
10.75268817204301	-2.1166000000000316	6.0289424000000004e-9	1.5354166e-10	5.248808200000001e-18	1.4589188000000001e-19
10.75268817204301	-2.0764000000000316	9.2889928e-9	2.3656675e-10	1.2459932e-17	3.463268e-19
10.75268817204301	-2.0362000000000315	1.4311861e-8	3.6448627000000003e-10	2.9578126e-17	8.221310400000001e-19
10.75268817204301	-1.9960000000000315	2.2050760999999997e-8	5.6157613e-10	7.0214305e-17	1.9516232e-18
10.75268817204301	-1.9558000000000315	3.3974341e-8	8.652389900000001e-10	1.6667886000000004e-16	4.6328776e-18
10.75268817204301	-1.9156000000000315	5.2345394999999993e-8	1.3331023e-9	3.9567208e-16	1.0997795e-17
10.75268817204301	-1.8754000000000315	8.0650281e-8	2.0539547e-9	9.3926949e-16	2.6107202e-17
10.75268817204301	-1.8352000000000315	1.2426054e-7	3.164595e-9	2.2296922999999997e-15	6.197475999999999e-17
10.75268817204301	-1.7950000000000315	1.9145226999999999e-7	4.8757936000000005e-9	5.2929709999999995e-15	1.4711912e-16
10.75268817204301	-1.7548000000000314	2.9497668e-7	7.512289500000001e-9	1.256475e-14	3.4923923e-16
10.75268817204301	-1.7146000000000314	4.5447989e-7	1.1574415e-8	2.9826882e-14	8.2904158e-16
10.75268817204301	-1.6744000000000314	7.002310699999999e-7	1.7833039e-8	7.0804572e-14	1.9680163e-15
10.75268817204301	-1.6342000000000314	1.0788664e-6	2.7475842999999997e-8	1.6807918e-13	4.6717504e-15
10.75268817204301	-1.5940000000000314	1.6622382e-6	4.2332675e-8	3.9899297e-13	1.1089919e-14
10.75268817204301	-1.5538000000000314	2.5586523000000004e-6	6.434477499999999e-8	9.4621425e-13	2.5822785999999998e-14
10.75268817204301	-1.5136000000000314	3.9421605e-6	9.913661e-8	2.2461344999999996e-12	6.129757e-14
10.75268817204301	-1.4734000000000314	6.0737219e-6	1.5273944e-7	5.331842799999999e-12	1.4550416e-13
10.75268817204301	-1.4332000000000313	9.3497876e-6	2.4177267999999995e-7	1.2651732e-11	3.5057848000000003e-13
10.75268817204301	-1.3930000000000313	0.000014404988	3.7248548999999997e-7	3.0031232000000005e-11	8.3211895e-13
10.75268817204301	-1.3528000000000313	0.000022163005	5.395208900000001e-7	7.1208788e-11	1.8801584e-12
10.75268817204301	-1.3126000000000313	0.000034150898000000007	8.0196132e-7	1.6905694e-10	4.3022340999999995e-12
10.75268817204301	-1.2724000000000313	0.000052523159	1.1293220000000001e-6	4.0095124e-10	9.5056194e-12
10.75268817204301	-1.2322000000000313	0.00008099232	1.6184583000000002e-6	9.504384e-10	2.127581e-11
10.75268817204301	-1.1920000000000313	0.00012486293	2.8943988e-6	2.2543977e-9	5.4225112e-11
10.75268817204301	-1.1518000000000312	0.00019265146	4.759523600000001e-6	5.350734000000001e-9	1.3799679e-10
10.75268817204301	-1.1116000000000312	0.0003023166	9.563644800000001e-6	1.2948739e-8	3.8060254e-10
10.75268817204301	-1.0714000000000312	0.00046474744000000003	0.000013255154	3.0655824e-8	8.077512500000001e-10
10.75268817204301	-1.0312000000000312	0.0007126603500000001	0.000018872413	7.226100499999999e-8	1.7521016e-9
10.75268817204301	-0.9910000000000312	0.0010914293	0.000019161646	1.6896326e-7	3.4894565e-9
10.75268817204301	-0.9508000000000312	0.001641833	0.000031729682	3.9382662e-7	9.0296539e-9
10.75268817204301	-0.9106000000000312	0.002444073	0.000036982693	8.9752303e-7	1.9618551999999998e-8
10.75268817204301	-0.8704000000000311	0.0037802511	0.000076087574	2.1269901000000002e-6	6.021503799999999e-8
10.75268817204301	-0.8302000000000311	0.0057531953000000005	0.0001043962	4.778971000000001e-6	1.1108724999999999e-7
10.75268817204301	-0.7900000000000311	0.0088246654	0.00017375225	0.000011445047	2.5128939e-7
10.75268817204301	-0.7498000000000311	0.012762483	0.00018735696	0.000024061939	1.8900038e-7
10.75268817204301	-0.7096000000000311	0.018179518000000002	0.00040858287	0.000051715833	7.5921521e-7
10.75268817204301	-0.6694000000000311	0.027678097000000002	0.00095175686	0.00011501292000000001	3.8492615e-6
10.75268817204301	-0.6292000000000311	0.038708263	0.0011042105000000002	0.00022933176	7.980948500000001e-6
10.75268817204301	-0.589000000000031	0.054276706	0.00092352819	0.00044788928	7.3413391e-6
10.75268817204301	-0.548800000000031	0.074958604	0.0015511458000000001	0.00085479394	8.527034500000001e-6
10.75268817204301	-0.508600000000031	0.10282617	0.0027854991000000003	0.0016040614	0.000028016268
10.75268817204301	-0.468400000000031	0.13901545	0.0016661256999999999	0.0028576201	0.000030087758999999998
10.75268817204301	-0.428200000000031	0.17970301	0.0011410794	0.004853152	0.000034679202
10.75268817204301	-0.388000000000031	0.22812329	0.0012651223000000001	0.0078916672	0.000086008231
10.75268817204301	-0.347800000000031	0.28354644	0.005167145	0.01249405	0.00010036187
10.75268817204301	-0.30760000000003096	0.34726721	0.00063441118	0.019257028000000002	0.00016077035
10.75268817204301	-0.26740000000003095	0.41342942	0.0020478905	0.028554883	0.00010668482
10.75268817204301	-0.22720000000003093	0.49792166	0.0032959795	0.040866389	0.00023987191
10.75268817204301	-0.18700000000003092	0.57746959	0.0015209917	0.058288424000000005	0.0005468231200000001
10.75268817204301	-0.1468000000000309	0.66364457	0.001271145	0.07930549	0.0001995056
10.75268817204301	-0.1066000000000309	0.75235998	0.00096099929	0.10678861	0.0004905641
10.75268817204301	-0.0664000000000309	0.84692984	0.0014181891999999999	0.13804124	0.0013418427999999998
10.75268817204301	-0.026200000000030907	0.94000567	0.00039335442	0.17553313	0.001076761
10.75268817204301	0.013999999999969093	1.0330952	0.00019425340999999999	0.22747164	0.0011082622000000001
10.75268817204301	0.05419999999996909	1.1263881	0.0014448416	0.27688098	0.0033237578000000004
10.75268817204301	0.09439999999996909	1.2201906	0.0020722962	0.33640264	0.003081408
10.75268817204301	0.13459999999996908	1.3112958	0.0013081321	0.39820741	0.0015709881000000002
10.75268817204301	0.1747999999999691	1.3966542000000002	0.0028870413	0.46044086	0.0032454055
10.75268817204301	0.2149999999999691	1.4787744	0.0017882168	0.52440405	0.0020064258
10.75268817204301	0.2551999999999691	1.5611127	0.003661097	0.59300789	0.0037003396
10.75268817204301	0.29539999999996913	1.6293416	0.0006741181899999999	0.6508607	0.0005875760799999999
10.75268817204301	0.33559999999996915	1.699035	0.0055146496	0.71339269	0.0054788015999999995
10.75268817204301	0.37579999999996916	1.7557327	0.0029303593	0.76482394	0.0029359845
10.75268817204301	0.41599999999996917	1.8066045	0.0014920812	0.8123186	0.0014464033
10.75268817204301	0.4561999999999692	1.8501181999999998	0.0020029226	0.85346577	0.0019947743
10.75268817204301	0.4963999999999692	1.8864356	0.0019282943	0.88833082	0.0019156844
10.75268817204301	0.5365999999999692	1.915097	0.00082442397	0.91618753	0.0008166397
10.75268817204301	0.5767999999999692	1.9393909	0.0011422683	0.93995389	0.0011296436
10.75268817204301	0.6169999999999692	1.9555075999999998	0.00024354506000000002	0.95579643	0.00023883169
10.75268817204301	0.6571999999999693	1.9702679	0.00045927987	0.97040631	0.00045789862999999996
10.75268817204301	0.6973999999999693	1.9794079	0.00051646823	0.97947372	0.00051507054
10.75268817204301	0.7375999999999693	1.9859528000000002	0.0004627851	0.98598282	0.00046197324000000003
10.75268817204301	0.7777999999999693	1.9903755	0.00021018269	0.99038937	0.00020990792
10.75268817204301	0.8179999999999693	1.9934578	0.00013832512	0.99346403	0.00013815289
10.75268817204301	0.8581999999999693	1.9957135000000001	0.000106749	0.99571622	0.00010668186000000001
10.75268817204301	0.8983999999999693	1.9972119999999998	0.00003969476900000001	0.99721313	0.000039670844
10.75268817204301	0.9385999999999693	1.9981688	0.000018133756000000002	0.99816929	0.000018126263000000002
10.75268817204301	0.9787999999999694	1.9987617999999998	0.000029237767	0.99876205	0.000029231966
10.75268817204301	1.0189999999999693	1.9991886	0.000019971648	0.99918872	0.000019969458
10.75268817204301	1.0591999999999693	1.9994743000000001	0.000015563689	0.99947429	0.000015562589
10.75268817204301	1.0993999999999693	1.9996545	0.000011047288	0.99965454	0.000011046804000000002
10.75268817204301	1.1395999999999693	1.9997804	5.795617e-6	0.99978041	5.7954438e-6
10.75268817204301	1.1797999999999693	1.9998574999999998	3.5164039000000005e-6	0.99985747	3.5163284000000002e-6
10.75268817204301	1.2199999999999693	1.9999073	1.9537282000000003e-6	0.99990732	1.9537009000000003e-6
10.75268817204301	1.2601999999999693	1.99994	1.2910317e-6	0.99994003	1.2910201e-6
10.75268817204301	1.3003999999999694	1.9999611000000002	9.297175899999999e-7	0.9999611	9.2971201e-7
10.75268817204301	1.3405999999999694	1.9999747	6.1512716e-7	0.99997473	6.151248e-7
10.75268817204301	1.3807999999999694	1.9999835999999998	4.1084981999999993e-7	0.99998359	4.1084882e-7
10.75268817204301	1.4209999999999694	1.9999893	2.7565932e-7	0.99998934	2.7565887e-7
10.75268817204301	1.4611999999999694	1.9999931000000002	1.7414824e-7	0.99999307	1.7414805999999998e-7
10.75268817204301	1.5013999999999694	1.9999955	1.1303252e-7	0.99999551	1.1303244e-7
10.75268817204301	1.5415999999999694	1.9999970999999999	7.3364096e-8	0.99999708	7.336406399999999e-8
10.75268817204301	1.5817999999999695	1.9999981	4.826658999999999e-8	0.9999981	4.8266575999999995e-8
10.75268817204301	1.6219999999999695	1.9999988	3.1327253999999995e-8	0.99999877	3.1327248e-8
10.75268817204301	1.6621999999999695	1.9999992	2.0332787e-8	0.9999992	2.0332784e-8
10.75268817204301	1.7023999999999695	1.9999995000000002	1.3196864999999999e-8	0.99999948	1.3196863999999999e-8
10.75268817204301	1.7425999999999695	1.9999997	8.5653307e-9	0.99999966	8.5653304e-9
10.75268817204301	1.7827999999999695	1.9999997999999999	5.559262900000001e-9	0.99999978	5.5592627e-9
10.75268817204301	1.8229999999999695	1.9999999	3.6081955e-9	0.99999986	3.6081957e-9
10.75268817204301	1.8631999999999695	1.9999999	2.3418701e-9	0.99999991	2.3418702e-9
10.75268817204301	1.9033999999999696	1.9999999	1.5199717e-9	0.99999994	1.5199717e-9
10.75268817204301	1.9435999999999696	2.	9.865249400000001e-10	0.99999996	9.8652489e-10
10.75268817204301	1.9837999999999696	2.	6.402959200000001e-10	0.99999997	6.402958700000001e-10
10.75268817204301	2.0239999999999694	2.	4.1557861000000004e-10	0.99999998	4.1557863e-10
10.75268817204301	2.0641999999999694	2.	2.6972792000000005e-10	0.99999999	2.6972777e-10
10.75268817204301	2.1043999999999694	2.	1.7506454e-10	0.99999999	1.7506454e-10
10.75268817204301	2.1445999999999694	2.	1.136242e-10	1.	1.1362416000000001e-10
10.75268817204301	2.1847999999999694	2.	7.3746746e-11	1.	7.3746746e-11
10.75268817204301	2.2249999999999694	2.	4.7864704000000005e-11	1.	4.7864722e-11
10.75268817204301	2.2651999999999695	2.	3.1066325e-11	1.	3.1066167e-11
10.75268817204301	2.3053999999999695	2.	2.0163142000000002e-11	1.	2.0163281000000002e-11
10.75268817204301	2.3455999999999695	2.	1.3086682e-11	1.	1.3086758000000001e-11
10.75268817204301	2.3857999999999695	2.	8.493938399999998e-12	1.	8.493806e-12
10.75268817204301	2.4259999999999695	2.	5.512891399999999e-12	1.	5.5129311e-12
10.75268817204301	2.4661999999999695	2.	3.5780444999999997e-12	1.	3.5781055e-12
10.75268817204301	2.5063999999999695	2.	2.3222021e-12	1.	2.3223436e-12
10.75268817204301	2.5465999999999696	2.	0.	1.	1.507371e-12
10.75268817204301	2.5867999999999696	2.	0.	1.	0.
10.75268817204301	2.6269999999999696	2.	0.	1.	0.
10.75268817204301	2.6671999999999696	2.	0.	1.	0.
10.75268817204301	2.7073999999999696	2.	0.	1.	0.
10.75268817204301	2.7475999999999696	2.	0.	1.	0.
10.75268817204301	2.7877999999999696	2.	0.	1.	0.
10.75268817204301	2.8279999999999696	2.	0.	1.	0.
10.75268817204301	2.8681999999999697	2.	0.	1.	0.
10.75268817204301	2.9083999999999697	2.	0.	1.	0.
10.75268817204301	2.9485999999999697	2.	0.	1.	0.
10.75268817204301	2.9887999999999697	2.	0.	1.	0.
8.771929824561402	-7.021	0.	0.	0.	0.
8.771929824561402	-6.9808	0.	0.	0.	0.
8.771929824561402	-6.940600000000001	0.	0.	0.	0.
8.771929824561402	-6.900400000000001	0.	0.	0.	0.
8.771929824561402	-6.860200000000002	0.	0.	0.	0.
8.771929824561402	-6.820000000000002	0.	0.	0.	0.
8.771929824561402	-6.7798000000000025	0.	0.	0.	0.
8.771929824561402	-6.739600000000003	0.	0.	0.	0.
8.771929824561402	-6.699400000000003	0.	0.	0.	0.
8.771929824561402	-6.659200000000004	0.	0.	0.	0.
8.771929824561402	-6.619000000000004	0.	0.	0.	0.
8.771929824561402	-6.578800000000005	0.	0.	0.	0.
8.771929824561402	-6.538600000000005	0.	0.	0.	0.
8.771929824561402	-6.4984000000000055	0.	0.	0.	0.
8.771929824561402	-6.458200000000006	0.	0.	0.	0.
8.771929824561402	-6.418000000000006	0.	0.	0.	0.
8.771929824561402	-6.377800000000007	0.	0.	0.	0.
8.771929824561402	-6.337600000000007	0.	0.	0.	0.
8.771929824561402	-6.297400000000008	0.	0.	0.	0.
8.771929824561402	-6.257200000000008	0.	0.	0.	0.
8.771929824561402	-6.2170000000000085	0.	0.	0.	0.
8.771929824561402	-6.176800000000009	0.	0.	0.	0.
8.771929824561402	-6.136600000000009	0.	0.	0.	0.
8.771929824561402	-6.09640000000001	0.	0.	0.	0.
8.771929824561402	-6.05620000000001	0.	0.	0.	0.
8.771929824561402	-6.016000000000011	0.	0.	0.	0.
8.771929824561402	-5.975800000000011	0.	0.	0.	0.
8.771929824561402	-5.9356000000000115	0.	0.	0.	0.
8.771929824561402	-5.895400000000012	0.	0.	0.	0.
8.771929824561402	-5.855200000000012	0.	0.	0.	0.
8.771929824561402	-5.815000000000013	0.	0.	0.	0.
8.771929824561402	-5.774800000000013	0.	0.	0.	0.
8.771929824561402	-5.734600000000014	0.	0.	0.	0.
8.771929824561402	-5.694400000000014	0.	0.	0.	0.
8.771929824561402	-5.6542000000000145	0.	0.	0.	0.
8.771929824561402	-5.614000000000015	0.	0.	0.	0.
8.771929824561402	-5.573800000000015	0.	0.	0.	0.
8.771929824561402	-5.533600000000016	0.	0.	0.	0.
8.771929824561402	-5.493400000000016	0.	0.	0.	0.
8.771929824561402	-5.453200000000017	0.	0.	0.	0.
8.771929824561402	-5.413000000000017	0.	0.	0.	0.
8.771929824561402	-5.372800000000018	0.	0.	0.	0.
8.771929824561402	-5.332600000000018	0.	0.	0.	0.
8.771929824561402	-5.292400000000018	0.	0.	0.	0.
8.771929824561402	-5.252200000000019	0.	0.	0.	0.
8.771929824561402	-5.212000000000019	0.	0.	0.	0.
8.771929824561402	-5.17180000000002	0.	0.	0.	0.
8.771929824561402	-5.13160000000002	0.	0.	0.	0.
8.771929824561402	-5.091400000000021	0.	0.	0.	0.
8.771929824561402	-5.051200000000021	0.	0.	0.	0.
8.771929824561402	-5.011000000000021	0.	0.	0.	0.
8.771929824561402	-4.970800000000022	0.	0.	0.	0.
8.771929824561402	-4.930600000000022	0.	0.	0.	0.
8.771929824561402	-4.890400000000023	0.	0.	0.	0.
8.771929824561402	-4.850200000000023	0.	0.	0.	0.
8.771929824561402	-4.810000000000024	2.9490299e-19	1.8111045000000003e-19	0.	0.
8.771929824561402	-4.769800000000024	4.6837534e-19	1.9121343e-19	0.	0.
8.771929824561402	-4.7296000000000245	1.4918622000000002e-18	2.9079264e-19	0.	0.
8.771929824561402	-4.689400000000025	3.9031278000000006e-18	8.4628907e-19	0.	0.
8.771929824561402	-4.649200000000025	9.384854000000001e-18	1.0996697000000001e-18	0.	0.
8.771929824561402	-4.609000000000026	2.0330959e-17	1.9043677e-18	0.	0.
8.771929824561402	-4.568800000000026	4.3957893e-17	3.0161748e-18	0.	0.
8.771929824561402	-4.528600000000027	8.1375878e-17	5.0733915e-18	0.	0.
8.771929824561402	-4.488400000000027	1.3277573000000001e-16	4.326596500000001e-18	3.7170448e-34	5.2796481e-35
8.771929824561402	-4.4482000000000275	2.1047400000000002e-16	4.5249855e-18	3.9520082e-33	1.168565e-34
8.771929824561402	-4.408000000000028	3.1398495e-16	8.179731700000001e-18	1.1235875000000001e-32	3.737917e-34
8.771929824561402	-4.367800000000028	4.494148100000001e-16	1.1682515999999999e-17	2.6547018e-32	4.2896172e-34
8.771929824561402	-4.327600000000029	6.396619300000001e-16	1.6680099e-17	5.6256414e-32	1.4246544999999998e-33
8.771929824561402	-4.287400000000029	8.700679100000001e-16	1.2388689e-17	1.1133608e-31	1.5847383999999998e-33
8.771929824561402	-4.24720000000003	1.2950058e-15	3.3555496e-17	2.3128684999999996e-31	5.0466305e-33
8.771929824561402	-4.20700000000003	1.8438376e-15	4.8635069e-17	4.6886957e-31	1.15244e-32
8.771929824561402	-4.1668000000000305	2.6261285000000002e-15	6.9643182e-17	9.502441999999999e-31	2.3559276000000002e-32
8.771929824561402	-4.126600000000031	3.7407751e-15	9.9836216e-17	1.9259531e-30	4.7430817e-32
8.771929824561402	-4.086400000000031	5.3296603e-15	1.4010574000000003e-16	3.9184065e-30	9.210359400000001e-32
8.771929824561402	-4.046200000000032	7.5897622e-15	2.0011158000000002e-16	7.9560378e-30	1.9174168999999997e-31
8.771929824561402	-4.006000000000032	1.0802817000000001e-14	2.8435082000000003e-16	1.6136460000000002e-29	3.8482416e-31
8.771929824561402	-3.965800000000032	1.5372079e-14	4.0511155e-16	3.2708875e-29	7.826775299999999e-31
8.771929824561402	-3.925600000000032	2.187122e-14	5.759189200000001e-16	6.6224261e-29	1.5949806e-30
8.771929824561402	-3.885400000000032	3.1120453e-14	8.1958743e-16	1.3407208000000002e-28	3.2136986000000004e-30
8.771929824561402	-3.845200000000032	4.4276839e-14	1.1650936000000001e-15	2.71406e-28	6.493415000000001e-30
8.771929824561402	-3.805000000000032	6.299920700000001e-14	1.6593996e-15	5.494270500000001e-28	1.3205121000000002e-29
8.771929824561402	-3.764800000000032	8.9638765e-14	2.3591722e-15	1.1124004999999998e-27	2.6624048e-29
8.771929824561402	-3.724600000000032	1.2754141e-13	3.3565399000000003e-15	2.2520069e-27	5.392743e-29
8.771929824561402	-3.684400000000032	1.8146546999999998e-13	4.7758195e-15	4.558818e-27	1.091766e-28
8.771929824561402	-3.644200000000032	2.5819277000000003e-13	6.7950508e-15	9.229005099999999e-27	2.210357e-28
8.771929824561402	-3.604000000000032	3.6735876e-13	9.6694444e-15	1.8683577e-26	4.4748603e-28
8.771929824561402	-3.563800000000032	5.226809999999999e-13	1.3757534e-14	3.7822695e-26	9.0639824e-28
8.771929824561402	-3.523600000000032	7.4367441e-13	1.9573489e-14	7.6566537e-26	1.8346244999999998e-27
8.771929824561402	-3.483400000000032	1.0581057e-12	2.7850743e-14	1.5500014000000002e-25	3.7145031e-27
8.771929824561402	-3.443200000000032	1.5054801e-12	3.9626187e-14	3.1377994e-25	7.5185327e-27
8.771929824561402	-3.403000000000032	2.1420094999999998e-12	5.6381353000000004e-14	6.352105200000001e-25	1.5222927999999998e-26
8.771929824561402	-3.362800000000032	3.0476685999999997e-12	8.021863e-14	1.2859069000000003e-24	3.0814507e-26
8.771929824561402	-3.322600000000032	4.3362476e-12	1.1413634e-13	2.6031676e-24	6.23811e-26
8.771929824561402	-3.282400000000032	6.1696474e-12	1.6239408999999999e-13	5.2698116e-24	1.2628308e-25
8.771929824561402	-3.242200000000032	8.778224799999999e-12	2.3105444e-13	1.0668122e-23	2.5563858e-25
8.771929824561402	-3.202000000000032	1.2489726e-11	3.2874759e-13	2.1596352e-23	5.175165000000001e-25
8.771929824561402	-3.161800000000032	1.7770483e-11	4.6774396e-13	4.3719271e-23	1.0476478000000001e-24
8.771929824561402	-3.121600000000032	2.5283985e-11	6.655106499999999e-13	8.8504537e-23	2.1208491e-24
8.771929824561402	-3.081400000000032	3.5974257e-11	9.4689404e-13	1.7916704999999998e-22	4.2934152e-24
8.771929824561402	-3.041200000000032	5.118446100000001e-11	1.3472479e-12	3.627027299999999e-22	8.691507000000001e-24
8.771929824561402	-3.001000000000032	7.282566000000001e-11	1.9168759e-12	7.342489599999999e-22	1.759494e-23
8.771929824561402	-2.960800000000032	1.0361693e-10	2.7273461e-12	1.4864008999999999e-21	3.5618880000000004e-23
8.771929824561402	-2.920600000000032	1.47427e-10	3.8804905e-12	3.0090442e-21	7.2106253e-23
8.771929824561402	-2.880400000000032	2.0976032e-10	5.521192099999999e-12	6.0914568e-21	1.4597055e-22
8.771929824561402	-2.840200000000032	2.9844866e-10	7.8555978e-12	1.2331440000000001e-20	2.9550037e-22
8.771929824561402	-2.800000000000032	4.2463515000000005e-10	1.1177006e-11	2.4963552e-20	5.9820567e-22
8.771929824561402	-2.759800000000032	6.041742900000001e-10	1.5902735000000003e-11	5.053578e-20	1.2109973e-21
8.771929824561402	-2.7196000000000318	8.596240200000001e-10	2.2626538e-11	1.0230376e-19	2.4515218999999997e-21
8.771929824561402	-2.6794000000000318	1.2230799e-9	3.219322e-11	2.0710195e-19	4.9628181e-21
8.771929824561402	-2.6392000000000317	1.7402079e-9	4.5804771e-11	4.1925358000000004e-19	1.0046643e-20
8.771929824561402	-2.5990000000000317	2.4759818e-9	6.5171395e-11	8.4872967e-19	2.033825e-20
8.771929824561402	-2.5588000000000317	3.5228467000000003e-9	9.2726382e-11	1.7181536e-18	4.1172399e-20
8.771929824561402	-2.5186000000000317	5.0123344e-9	1.3193184e-10	3.4782002000000005e-18	8.3348688e-20
8.771929824561402	-2.4784000000000317	7.1315895e-9	1.8771367e-10	7.041208e-18	1.6872964e-19
8.771929824561402	-2.4382000000000317	1.0146882999999999e-8	2.6708051e-10	1.4254099e-17	3.4157332e-19
8.771929824561402	-2.3980000000000317	1.4437064999999998e-8	3.8000428000000007e-10	2.8855749e-17	6.9147504e-19
8.771929824561402	-2.3578000000000316	2.0541171999999997e-8	5.406731e-10	5.8415074e-17	1.3998099000000002e-18
8.771929824561402	-2.3176000000000316	2.9226142e-8	7.6927397e-10	1.1825445e-16	2.8337504000000005e-18
8.771929824561402	-2.2774000000000316	4.1583187e-8	1.0945291e-9	2.3939223e-16	5.7365939e-18
8.771929824561402	-2.2372000000000316	5.9164886000000004e-8	1.5573045e-9	4.8462139e-16	1.1613057999999999e-17
8.771929824561402	-2.1970000000000316	8.4180264e-8	2.2157449000000004e-9	9.8105891e-16	2.3509261e-17
8.771929824561402	-2.1568000000000316	1.1977233e-7	3.1525787e-9	1.9860379999999998e-15	4.7591709999999994e-17
8.771929824561402	-2.1166000000000316	1.7041298999999997e-7	4.4855124000000005e-9	4.0204989e-15	9.634374599999999e-17
8.771929824561402	-2.0764000000000316	2.4246488999999997e-7	6.3820193e-9	8.1390228e-15	1.9503636e-16
8.771929824561402	-2.0362000000000315	3.4498081000000004e-7	9.0803808e-9	1.6476481000000002e-14	3.9482751e-16
8.771929824561402	-1.9960000000000315	4.9084112e-7	1.2919623999999998e-8	3.3354658e-14	7.992799000000001e-16
8.771929824561402	-1.9558000000000315	6.983719699999999e-7	1.8382114e-8	6.7522463e-14	1.6180424e-15
8.771929824561402	-1.9156000000000315	9.9364782e-7	2.6154157999999998e-8	1.3669093e-13	3.27552e-15
8.771929824561402	-1.8754000000000315	1.4137672000000002e-6	3.7212223e-8	2.767137e-13	6.6308568000000004e-15
8.771929824561402	-1.8352000000000315	2.0115135000000004e-6	5.29456e-8	5.6017136e-13	1.3423250000000001e-14
8.771929824561402	-1.7950000000000315	2.8595600000000003e-6	7.421825399999999e-8	1.1330397e-12	2.6599667999999998e-14
8.771929824561402	-1.7548000000000314	4.0685812e-6	1.0559730999999999e-7	2.2936808e-12	5.3846755999999996e-14
8.771929824561402	-1.7146000000000314	5.7887618e-6	1.5024265e-7	4.643215e-12	1.0900312e-13
8.771929824561402	-1.6744000000000314	8.236199500000001e-6	2.1376228999999997e-7	9.3994349e-12	2.2065449e-13
8.771929824561402	-1.6342000000000314	0.000011708474000000002	3.110718e-7	1.9020417e-11	4.5348274999999997e-13
8.771929824561402	-1.5940000000000314	0.000016640571000000002	4.3005050999999996e-7	3.8478788000000004e-11	8.781349e-13
8.771929824561402	-1.5538000000000314	0.000023662268	5.915126499999999e-7	7.7864849e-11	1.7714432999999999e-12
8.771929824561402	-1.5136000000000314	0.000033704448	8.126520499999999e-7	1.5785688000000002e-10	3.4254285e-12
8.771929824561402	-1.4734000000000314	0.000047859766	1.1616271e-6	3.187995e-10	7.2021573e-12
8.771929824561402	-1.4332000000000313	0.000067919779	1.5637795e-6	6.4433781e-10	1.3311369e-11
8.771929824561402	-1.3930000000000313	0.000096727209	2.1485574e-6	1.3025219e-9	2.6350586e-11
8.771929824561402	-1.3528000000000313	0.00013778047	3.0205914e-6	2.6383777000000002e-9	4.8436975e-11
8.771929824561402	-1.3126000000000313	0.00019740307	4.7001565000000005e-6	5.3575666e-9	1.1286283e-10
8.771929824561402	-1.2724000000000313	0.00028137849	7.8686517e-6	1.0849126e-8	2.5361159e-10
8.771929824561402	-1.2322000000000313	0.00040427734	0.000012175934	2.2223857e-8	5.2055427e-10
8.771929824561402	-1.1920000000000313	0.00057264297	0.000016544917	4.5007414e-8	1.0635368e-9
8.771929824561402	-1.1518000000000312	0.0008083748600000001	0.000018887922	9.0042223e-8	1.8566736e-9
8.771929824561402	-1.1116000000000312	0.0011476941000000001	0.000019246587	1.8205719999999998e-7	2.9492159000000002e-9
8.771929824561402	-1.0714000000000312	0.0016051581000000002	0.000033306539000000004	3.6489067e-7	7.197210000000001e-9
8.771929824561402	-1.0312000000000312	0.0022354117000000003	0.000036750135	7.2055772e-7	1.1967638999999999e-8
8.771929824561402	-0.9910000000000312	0.0032290006	0.000056850992	1.4723836000000003e-6	3.0638188e-8
8.771929824561402	-0.9508000000000312	0.0044907139	0.00008517756500000001	2.9084431e-6	5.0846847999999997e-8
8.771929824561402	-0.9106000000000312	0.0065252597	0.00022973351	5.857231000000001e-6	1.7782148e-7
8.771929824561402	-0.8704000000000311	0.0088333903	0.00021737987000000001	0.00001130034	2.3106097e-7
8.771929824561402	-0.8302000000000311	0.012119717000000002	0.00018672419	0.000021772673000000002	3.291271e-7
8.771929824561402	-0.7900000000000311	0.016741713000000002	0.00024010672	0.000041541525000000004	3.1664513e-7
8.771929824561402	-0.7498000000000311	0.024884528000000003	0.00084322749	0.00008324678700000001	2.2636258000000002e-6
8.771929824561402	-0.7096000000000311	0.032166394	0.00046461597	0.00015413031	1.9366823e-6
8.771929824561402	-0.6694000000000311	0.041608153	0.00060010227	0.00027464567	5.914345300000001e-6
8.771929824561402	-0.6292000000000311	0.061178458000000005	0.0012203394	0.00052760874	7.5320079e-6
8.771929824561402	-0.589000000000031	0.077998776	0.0017178663	0.00090534717	9.178601400000001e-6
8.771929824561402	-0.548800000000031	0.10792039	0.0020547409	0.0016019847000000001	8.7844421e-6
8.771929824561402	-0.508600000000031	0.13402162	0.00057347821	0.0026456329	0.000030616374
8.771929824561402	-0.468400000000031	0.16825298	0.0021232818	0.0042609662	0.000013251525
8.771929824561402	-0.428200000000031	0.20664877	0.0029341395	0.006702978000000001	0.00004120639300000001
8.771929824561402	-0.388000000000031	0.25464111	0.0036964554	0.010426916000000001	0.000063775024
8.771929824561402	-0.347800000000031	0.32367761	0.0030727799	0.015849982000000002	0.00012121262
8.771929824561402	-0.30760000000003096	0.38510742	0.0014499315	0.023020165000000002	0.00009173840300000001
8.771929824561402	-0.26740000000003095	0.44833473	0.0034072513999999997	0.033128835	0.00010115135
8.771929824561402	-0.22720000000003093	0.52318323	0.0052110966	0.045967787	0.00054430053
8.771929824561402	-0.18700000000003092	0.60026889	0.0041016831	0.06364444400000001	0.0006249196
8.771929824561402	-0.1468000000000309	0.68048001	0.0012946372	0.085361765	0.00047642494
8.771929824561402	-0.1066000000000309	0.76702484	0.0017268423	0.11149321	0.00098198594
8.771929824561402	-0.0664000000000309	0.85460561	0.0010086953	0.1422794	0.0009494796199999999
8.771929824561402	-0.026200000000030907	0.9423329	0.00015489692999999999	0.18081344	0.00064077712
8.771929824561402	0.013999999999969093	1.030818	0.00018205378	0.22402898	0.0011965639
8.771929824561402	0.05419999999996909	1.1190969000000002	0.00082839381	0.27315887	0.0016504982
8.771929824561402	0.09439999999996909	1.2067896999999999	0.0011954102	0.32732579	0.0020363957999999997
8.771929824561402	0.13459999999996908	1.2936576999999998	0.0022335901999999998	0.38642607	0.0028647841
8.771929824561402	0.1747999999999691	1.3737902	0.0033013708000000004	0.44298827	0.0039123137
8.771929824561402	0.2149999999999691	1.4501886	0.004332597200000001	0.50098048	0.0048244726
8.771929824561402	0.2551999999999691	1.5284267000000002	0.002507336	0.56528663	0.0025882866999999998
8.771929824561402	0.29539999999996913	1.6023277999999999	0.0032218901	0.62815993	0.0033532056
8.771929824561402	0.33559999999996915	1.6578325999999999	0.0024461846000000003	0.67565888	0.0024647325
8.771929824561402	0.37579999999996916	1.7278272000000001	0.0028523392	0.73973845	0.0028544437
8.771929824561402	0.41599999999996917	1.7734288	0.0037085026	0.78116041	0.0037231016
8.771929824561402	0.4561999999999692	1.8173302999999998	0.0021476609	0.82226849	0.0021386811
8.771929824561402	0.4963999999999692	1.8565497	0.0022417846	0.85961816	0.002234785
8.771929824561402	0.5365999999999692	1.8898111000000002	0.0020068326000000003	0.89164652	0.0019968143
8.771929824561402	0.5767999999999692	1.9131944	0.00084559053	0.91427869	0.00083488001
8.771929824561402	0.6169999999999692	1.9327081	0.0017031995	0.93333621	0.0016947304
8.771929824561402	0.6571999999999693	1.9523899	0.00090920631	0.95272514	0.00090152297
8.771929824561402	0.6973999999999693	1.9610383	0.0010095649	0.96123539	0.001005296
8.771929824561402	0.7375999999999693	1.9732174999999998	0.00030550672000000004	0.97331858	0.00030480012
8.771929824561402	0.7777999999999693	1.9814104	0.00031959214000000004	0.98146105	0.00031860828000000003
8.771929824561402	0.8179999999999693	1.9864423	0.00014991317000000002	0.98646866	0.00014992711
8.771929824561402	0.8581999999999693	1.9902585	0.00011551572	0.99027215	0.00011542333
8.771929824561402	0.8983999999999693	1.9928567	0.00017725818	0.99286372	0.00017711824000000002
8.771929824561402	0.9385999999999693	1.9950004	0.000067795174	0.99500396	0.00006775592700000001
8.771929824561402	0.9787999999999694	1.9964596000000001	0.000058356803000000005	0.9964614	0.000058325348
8.771929824561402	1.0189999999999693	1.9975167999999999	0.000022501179	0.99751769	0.000022491362000000002
8.771929824561402	1.0591999999999693	1.9982163	0.000024981273000000004	0.99821675	0.000024975101
8.771929824561402	1.0993999999999693	1.9987021	0.000016800629000000002	0.99870229	0.000016797474000000002
8.771929824561402	1.1395999999999693	1.9990936000000001	0.000016464032	0.99909366	0.00001646241
8.771929824561402	1.1797999999999693	1.9993644	0.000018405026	0.99936449	0.000018403732000000002
8.771929824561402	1.2199999999999693	1.9995481000000002	0.000013197191	0.99954811	0.00001319658
8.771929824561402	1.2601999999999693	1.9996873000000002	8.231605e-6	0.99968731	8.2313319e-6
8.771929824561402	1.3003999999999694	1.9997789	5.4048014e-6	0.99977892	5.404668400000001e-6
8.771929824561402	1.3405999999999694	1.9998465	3.5567219000000004e-6	0.99984647	3.5566579e-6
8.771929824561402	1.3807999999999694	1.9998919000000002	2.4037952e-6	0.99989187	2.4037642000000003e-6
8.771929824561402	1.4209999999999694	1.9999243999999998	1.6278790000000002e-6	0.99992437	1.6278639000000002e-6
8.771929824561402	1.4611999999999694	1.9999468	1.2876869e-6	0.9999468	1.2876785e-6
8.771929824561402	1.5013999999999694	1.9999626000000001	9.0872948e-7	0.99996256	9.087252599999999e-7
8.771929824561402	1.5415999999999694	1.9999737	6.5831216e-7	0.99997367	6.5831006e-7
8.771929824561402	1.5817999999999695	1.9999815	4.7861916e-7	0.99998148	4.7861811e-7
8.771929824561402	1.6219999999999695	1.999987	3.4620488999999997e-7	0.99998697	3.4620434999999997e-7
8.771929824561402	1.6621999999999695	1.9999908	2.4333276e-7	0.99999084	2.4333249e-7
8.771929824561402	1.7023999999999695	1.9999935999999998	1.672123e-7	0.99999356	1.6721216999999998e-7
8.771929824561402	1.7425999999999695	1.9999955	1.1752452999999999e-7	0.99999547	1.1752445999999999e-7
8.771929824561402	1.7827999999999695	1.9999968000000001	8.2601295e-8	0.99999682	8.2601263e-8
8.771929824561402	1.8229999999999695	1.9999977999999998	5.805555999999999e-8	0.99999776	5.8055544e-8
8.771929824561402	1.8631999999999695	1.9999984000000002	4.1415442e-8	0.99999843	4.1415433999999997e-8
8.771929824561402	1.9033999999999696	1.9999989	2.9108350999999998e-8	0.99999889	2.9108347e-8
8.771929824561402	1.9435999999999696	1.9999992	2.0458435999999997e-8	0.99999922	2.0458434e-8
8.771929824561402	1.9837999999999696	1.9999995000000002	1.4378941e-8	0.99999945	1.437894e-8
8.771929824561402	2.0239999999999694	1.9999996	1.0106044e-8	0.99999962	1.0106043e-8
8.771929824561402	2.0641999999999694	1.9999997	7.1028929e-9	0.99999973	7.1028925e-9
8.771929824561402	2.1043999999999694	1.9999997999999999	4.9921684e-9	0.99999981	4.9921683e-9
8.771929824561402	2.1445999999999694	1.9999999	3.5086748000000003e-9	0.99999987	3.5086748000000003e-9
8.771929824561402	2.1847999999999694	1.9999999	2.466022e-9	0.99999991	2.466022e-9
8.771929824561402	2.2249999999999694	1.9999999	1.7332081999999999e-9	0.99999993	1.7332083000000001e-9
8.771929824561402	2.2651999999999695	2.	1.2181604e-9	0.99999995	1.2181606e-9
8.771929824561402	2.3053999999999695	2.	8.5616646e-10	0.99999997	8.5616659e-10
8.771929824561402	2.3455999999999695	2.	6.0174425e-10	0.99999998	6.017442600000001e-10
8.771929824561402	2.3857999999999695	2.	4.2292739000000006e-10	0.99999998	4.2292732e-10
8.771929824561402	2.4259999999999695	2.	2.9724840000000004e-10	0.99999999	2.9724825e-10
8.771929824561402	2.4661999999999695	2.	2.0891667000000002e-10	0.99999999	2.0891681000000002e-10
8.771929824561402	2.5063999999999695	2.	1.4683407e-10	0.99999999	1.4683409000000002e-10
8.771929824561402	2.5465999999999696	2.	1.0320027e-10	1.	1.0320022e-10
8.771929824561402	2.5867999999999696	2.	7.2532779e-11	1.	7.2532777e-11
8.771929824561402	2.6269999999999696	2.	5.0978520000000006e-11	1.	5.0978572000000004e-11
8.771929824561402	2.6671999999999696	2.	3.5829561e-11	1.	3.5829577e-11
8.771929824561402	2.7073999999999696	2.	2.51822e-11	1.	2.5182198e-11
8.771929824561402	2.7475999999999696	2.	1.7699085000000003e-11	1.	1.7699006000000002e-11
8.771929824561402	2.7877999999999696	2.	1.2439355e-11	1.	1.2439561000000001e-11
8.771929824561402	2.8279999999999696	2.	8.743019899999999e-12	1.	8.7429318e-12
8.771929824561402	2.8681999999999697	2.	6.1447143e-12	1.	6.1448581e-12
8.771929824561402	2.9083999999999697	2.	4.318802199999999e-12	1.	4.3188953e-12
8.771929824561402	2.9485999999999697	2.	3.035387e-12	1.	3.0353893999999997e-12
8.771929824561402	2.9887999999999697	2.	2.1333621999999998e-12	1.	2.1334279999999998e-12
