"tempβ"	"μ"	"density"	"err"	"doublon"	"err"
33.333333333333336	-7.021	0.	0.	0.	0.
33.333333333333336	-6.9808	0.	0.	0.	0.
33.333333333333336	-6.940600000000001	0.	0.	0.	0.
33.333333333333336	-6.900400000000001	0.	0.	0.	0.
33.333333333333336	-6.860200000000002	0.	0.	0.	0.
33.333333333333336	-6.820000000000002	0.	0.	0.	0.
33.333333333333336	-6.7798000000000025	0.	0.	0.	0.
33.333333333333336	-6.739600000000003	0.	0.	0.	0.
33.333333333333336	-6.699400000000003	0.	0.	0.	0.
33.333333333333336	-6.659200000000004	0.	0.	0.	0.
33.333333333333336	-6.619000000000004	0.	0.	0.	0.
33.333333333333336	-6.578800000000005	0.	0.	0.	0.
33.333333333333336	-6.538600000000005	0.	0.	0.	0.
33.333333333333336	-6.4984000000000055	0.	0.	0.	0.
33.333333333333336	-6.458200000000006	0.	0.	0.	0.
33.333333333333336	-6.418000000000006	0.	0.	0.	0.
33.333333333333336	-6.377800000000007	0.	0.	0.	0.
33.333333333333336	-6.337600000000007	0.	0.	0.	0.
33.333333333333336	-6.297400000000008	0.	0.	0.	0.
33.333333333333336	-6.257200000000008	0.	0.	0.	0.
33.333333333333336	-6.2170000000000085	0.	0.	0.	0.
33.333333333333336	-6.176800000000009	0.	0.	0.	0.
33.333333333333336	-6.136600000000009	0.	0.	0.	0.
33.333333333333336	-6.09640000000001	0.	0.	0.	0.
33.333333333333336	-6.05620000000001	0.	0.	0.	0.
33.333333333333336	-6.016000000000011	0.	0.	0.	0.
33.333333333333336	-5.975800000000011	0.	0.	0.	0.
33.333333333333336	-5.9356000000000115	0.	0.	0.	0.
33.333333333333336	-5.895400000000012	0.	0.	0.	0.
33.333333333333336	-5.855200000000012	0.	0.	0.	0.
33.333333333333336	-5.815000000000013	0.	0.	0.	0.
33.333333333333336	-5.774800000000013	0.	0.	0.	0.
33.333333333333336	-5.734600000000014	0.	0.	0.	0.
33.333333333333336	-5.694400000000014	0.	0.	0.	0.
33.333333333333336	-5.6542000000000145	0.	0.	0.	0.
33.333333333333336	-5.614000000000015	0.	0.	0.	0.
33.333333333333336	-5.573800000000015	0.	0.	0.	0.
33.333333333333336	-5.533600000000016	0.	0.	0.	0.
33.333333333333336	-5.493400000000016	0.	0.	0.	0.
33.333333333333336	-5.453200000000017	0.	0.	0.	0.
33.333333333333336	-5.413000000000017	0.	0.	0.	0.
33.333333333333336	-5.372800000000018	0.	0.	0.	0.
33.333333333333336	-5.332600000000018	0.	0.	0.	0.
33.333333333333336	-5.292400000000018	0.	0.	0.	0.
33.333333333333336	-5.252200000000019	0.	0.	0.	0.
33.333333333333336	-5.212000000000019	0.	0.	0.	0.
33.333333333333336	-5.17180000000002	0.	0.	0.	0.
33.333333333333336	-5.13160000000002	0.	0.	0.	0.
33.333333333333336	-5.091400000000021	0.	0.	0.	0.
33.333333333333336	-5.051200000000021	0.	0.	0.	0.
33.333333333333336	-5.011000000000021	0.	0.	0.	0.
33.333333333333336	-4.970800000000022	0.	0.	0.	0.
33.333333333333336	-4.930600000000022	0.	0.	0.	0.
33.333333333333336	-4.890400000000023	0.	0.	0.	0.
33.333333333333336	-4.850200000000023	0.	0.	0.	0.
33.333333333333336	-4.810000000000024	0.	0.	0.	0.
33.333333333333336	-4.769800000000024	0.	0.	0.	0.
33.333333333333336	-4.7296000000000245	0.	0.	0.	0.
33.333333333333336	-4.689400000000025	0.	0.	0.	0.
33.333333333333336	-4.649200000000025	0.	0.	0.	0.
33.333333333333336	-4.609000000000026	0.	0.	0.	0.
33.333333333333336	-4.568800000000026	0.	0.	0.	0.
33.333333333333336	-4.528600000000027	0.	0.	0.	0.
33.333333333333336	-4.488400000000027	0.	0.	0.	0.
33.333333333333336	-4.4482000000000275	0.	0.	0.	0.
33.333333333333336	-4.408000000000028	0.	0.	0.	0.
33.333333333333336	-4.367800000000028	0.	0.	0.	0.
33.333333333333336	-4.327600000000029	0.	0.	0.	0.
33.333333333333336	-4.287400000000029	0.	0.	0.	0.
33.333333333333336	-4.24720000000003	0.	0.	0.	0.
33.333333333333336	-4.20700000000003	0.	0.	0.	0.
33.333333333333336	-4.1668000000000305	0.	0.	0.	0.
33.333333333333336	-4.126600000000031	0.	0.	0.	0.
33.333333333333336	-4.086400000000031	0.	0.	0.	0.
33.333333333333336	-4.046200000000032	0.	0.	0.	0.
33.333333333333336	-4.006000000000032	0.	0.	0.	0.
33.333333333333336	-3.965800000000032	0.	0.	0.	0.
33.333333333333336	-3.925600000000032	0.	0.	0.	0.
33.333333333333336	-3.885400000000032	0.	0.	0.	0.
33.333333333333336	-3.845200000000032	0.	0.	0.	0.
33.333333333333336	-3.805000000000032	0.	0.	0.	0.
33.333333333333336	-3.764800000000032	0.	0.	0.	0.
33.333333333333336	-3.724600000000032	0.	0.	0.	0.
33.333333333333336	-3.684400000000032	0.	0.	0.	0.
33.333333333333336	-3.644200000000032	0.	0.	0.	0.
33.333333333333336	-3.604000000000032	0.	0.	0.	0.
33.333333333333336	-3.563800000000032	0.	0.	0.	0.
33.333333333333336	-3.523600000000032	0.	0.	0.	0.
33.333333333333336	-3.483400000000032	0.	0.	0.	0.
33.333333333333336	-3.443200000000032	0.	0.	0.	0.
33.333333333333336	-3.403000000000032	0.	0.	0.	0.
33.333333333333336	-3.362800000000032	0.	0.	0.	0.
33.333333333333336	-3.322600000000032	0.	0.	0.	0.
33.333333333333336	-3.282400000000032	0.	0.	0.	0.
33.333333333333336	-3.242200000000032	0.	0.	0.	0.
33.333333333333336	-3.202000000000032	0.	0.	0.	0.
33.333333333333336	-3.161800000000032	0.	0.	0.	0.
33.333333333333336	-3.121600000000032	0.	0.	0.	0.
33.333333333333336	-3.081400000000032	0.	0.	0.	0.
33.333333333333336	-3.041200000000032	0.	0.	0.	0.
33.333333333333336	-3.001000000000032	0.	0.	0.	0.
33.333333333333336	-2.960800000000032	0.	0.	0.	0.
33.333333333333336	-2.920600000000032	0.	0.	0.	0.
33.333333333333336	-2.880400000000032	0.	0.	0.	0.
33.333333333333336	-2.840200000000032	0.	0.	0.	0.
33.333333333333336	-2.800000000000032	0.	0.	0.	0.
33.333333333333336	-2.759800000000032	0.	0.	0.	0.
33.333333333333336	-2.7196000000000318	0.	0.	0.	0.
33.333333333333336	-2.6794000000000318	0.	0.	0.	0.
33.333333333333336	-2.6392000000000317	0.	0.	0.	0.
33.333333333333336	-2.5990000000000317	0.	0.	0.	0.
33.333333333333336	-2.5588000000000317	0.	0.	0.	0.
33.333333333333336	-2.5186000000000317	0.	0.	0.	0.
33.333333333333336	-2.4784000000000317	0.	0.	0.	0.
33.333333333333336	-2.4382000000000317	0.	0.	0.	0.
33.333333333333336	-2.3980000000000317	0.	0.	0.	0.
33.333333333333336	-2.3578000000000316	0.	0.	0.	0.
33.333333333333336	-2.3176000000000316	0.	0.	0.	0.
33.333333333333336	-2.2774000000000316	0.	0.	0.	0.
33.333333333333336	-2.2372000000000316	0.	0.	0.	0.
33.333333333333336	-2.1970000000000316	0.	0.	0.	0.
33.333333333333336	-2.1568000000000316	0.	0.	0.	0.
33.333333333333336	-2.1166000000000316	0.	0.	0.	0.
33.333333333333336	-2.0764000000000316	0.	0.	0.	0.
33.333333333333336	-2.0362000000000315	0.	0.	0.	0.
33.333333333333336	-1.9960000000000315	0.	0.	0.	0.
33.333333333333336	-1.9558000000000315	0.	0.	0.	0.
33.333333333333336	-1.9156000000000315	4.4061976000000006e-18	1.2444147e-18	0.	0.
33.333333333333336	-1.8754000000000315	2.0622393e-16	4.4107711e-19	1.0126540000000002e-32	3.1851586e-34
33.333333333333336	-1.8352000000000315	8.027259400000001e-16	6.952346700000002e-18	1.3755954999999998e-31	1.2793234999999999e-33
33.333333333333336	-1.7950000000000315	3.1048253999999997e-15	2.5823231000000002e-17	2.0774660000000002e-30	1.4415199e-32
33.333333333333336	-1.7548000000000314	1.1855395e-14	9.632583199999999e-17	3.0284451000000003e-29	2.2823561999999997e-31
33.333333333333336	-1.7146000000000314	4.5276734000000005e-14	3.7045079e-16	4.4167111e-28	3.2643515000000006e-30
33.333333333333336	-1.6744000000000314	1.7291467e-13	1.4146701e-15	6.4420848999999994e-27	4.7818942e-29
33.333333333333336	-1.6342000000000314	6.6036395e-13	5.4041762e-15	9.395647799999999e-26	6.972645e-28
33.333333333333336	-1.5940000000000314	2.5219613e-12	2.0638625e-14	1.3703681000000002e-24	1.0168116999999999e-26
33.333333333333336	-1.5538000000000314	9.631485e-12	7.8819496e-14	1.9986975000000003e-23	1.4831626000000001e-25
33.333333333333336	-1.5136000000000314	3.6783084e-11	3.0101567e-13	2.9151231e-22	2.1632223000000002e-24
33.333333333333336	-1.4734000000000314	1.4047629e-10	1.1495929e-12	4.2517397e-21	3.1550810000000004e-23
33.333333333333336	-1.4332000000000313	5.3648542e-10	4.3903486e-12	6.201210299999999e-20	4.6017218e-22
33.333333333333336	-1.3930000000000313	2.0488624e-9	1.6766941e-11	9.044534400000002e-19	6.7116617e-21
33.333333333333336	-1.3528000000000313	7.8246986e-9	6.4033678e-11	1.3191551000000001e-17	9.7890299e-20
33.333333333333336	-1.3126000000000313	2.9882862e-8	2.4454692000000003e-10	1.9239998e-16	1.4277383e-18
33.333333333333336	-1.2724000000000313	1.1412371e-7	9.339265200000001e-10	2.8061603e-15	2.0823584e-17
33.333333333333336	-1.2322000000000313	4.3583906e-7	3.5665712e-9	4.0927321e-14	3.0370646000000005e-16
33.333333333333336	-1.1920000000000313	1.6644218e-6	1.3618899e-8	5.968826299999999e-13	4.4291551000000005e-15
33.333333333333336	-1.1518000000000312	6.355516400000001e-6	5.198203e-8	8.7029849e-12	6.4575346e-14
33.333333333333336	-1.1116000000000312	0.000024240465	1.8786246e-7	1.2668509e-10	9.817023499999999e-13
33.333333333333336	-1.0714000000000312	0.00009254320400000001	7.7674952e-7	1.8437062e-9	1.6546977e-11
33.333333333333336	-1.0312000000000312	0.0003498882	4.3006117000000005e-6	2.6331645999999997e-8	2.1100176000000003e-10
33.333333333333336	-0.9910000000000312	0.0013044448000000001	0.000019112062	3.6083575999999997e-7	4.9639051e-9
33.333333333333336	-0.9508000000000312	0.00436686	0.00005755209	4.1353997000000004e-6	1.030423e-7
33.333333333333336	-0.9106000000000312	0.011964291000000002	0.000095251811	0.000030709853	4.7328248e-7
33.333333333333336	-0.8704000000000311	0.021886586	0.000069982203	0.00010677969	6.6372223e-7
33.333333333333336	-0.8302000000000311	0.028190625000000004	0.000040165106	0.00017661999	5.9193078e-7
33.333333333333336	-0.7900000000000311	0.030794862000000003	0.000021642046000000003	0.00021180941000000002	3.4385219e-7
33.333333333333336	-0.7498000000000311	0.032693998	0.000026316825	0.00023858018	3.2232677999999997e-7
33.333333333333336	-0.7096000000000311	0.037515319000000005	0.00013591266	0.00031346146	1.9653413000000004e-6
33.333333333333336	-0.6694000000000311	0.05282690100000001	0.00021102191	0.0006112720800000001	3.5267864e-6
33.333333333333336	-0.6292000000000311	0.091987621	0.00032732491000000004	0.0018373488	0.000011543231
33.333333333333336	-0.589000000000031	0.1491599	0.00047300324	0.0049125859000000004	0.000036381456000000004
33.333333333333336	-0.548800000000031	0.19282072	0.00032881572	0.0083007921	0.000018277296
33.333333333333336	-0.508600000000031	0.21171622	0.00015217599000000003	0.010061039	0.000018995416
33.333333333333336	-0.468400000000031	0.21938479	0.00005419709900000001	0.010799267000000001	0.000015138253
33.333333333333336	-0.428200000000031	0.2291042	0.00036545859	0.011744781000000001	0.000027001291
33.333333333333336	-0.388000000000031	0.25679306	0.00065599733	0.014666367	0.000045698398000000004
33.333333333333336	-0.347800000000031	0.32822052	0.0014164225	0.023770181	0.00010384349
33.333333333333336	-0.30760000000003096	0.45206246	0.0005295894	0.045440929000000005	0.000095605342
33.333333333333336	-0.26740000000003095	0.57817807	0.00037698362	0.076257924	0.00027117939000000004
33.333333333333336	-0.22720000000003093	0.64904005	0.00072756131	0.097805337	0.00028200548
33.333333333333336	-0.18700000000003092	0.67812342	0.00010282067	0.10693509	0.00021680439
33.333333333333336	-0.1468000000000309	0.69158535	0.00026069108	0.11101458	0.00020985009
33.333333333333336	-0.1066000000000309	0.7113547	0.00048052319999999997	0.11808936	0.0001722028
33.333333333333336	-0.0664000000000309	0.77023167	0.0007110712200000001	0.13808357	0.00030196235
33.333333333333336	-0.026200000000030907	0.89373911	0.00064741581	0.18709644	0.00019946345
33.333333333333336	0.013999999999969093	1.0582889	0.0008084101900000001	0.26655119	0.0008192928200000001
33.333333333333336	0.05419999999996909	1.1991303	0.0016701373	0.34881638	0.0012178109
33.333333333333336	0.09439999999996909	1.2770516	0.00064575591	0.39895694	0.00055807801
33.333333333333336	0.13459999999996908	1.3042465	0.00025841624000000004	0.41666384	0.00035922482000000003
33.333333333333336	0.1747999999999691	1.3169495	0.0001157586	0.42525747	0.00024296238000000002
33.333333333333336	0.2149999999999691	1.3387875	0.00028709836	0.43992751	0.00026454754
33.333333333333336	0.2551999999999691	1.3934031	0.00080871453	0.47786544	0.00055426171
33.333333333333336	0.29539999999996913	1.5055747	0.00048441984	0.5603333	0.00030750746
33.333333333333336	0.33559999999996915	1.6389727	0.00081515417	0.66776831	0.00074262157
33.333333333333336	0.37579999999996916	1.727693	0.0012430162	0.74416487	0.0011538503
33.333333333333336	0.41599999999996917	1.765911	0.00049490134	0.77819331	0.00046899071
33.333333333333336	0.4561999999999692	1.7784357000000002	0.00009197255	0.78943131	0.000092945671
33.333333333333336	0.4963999999999692	1.7853865	0.000059980201	0.79569133	0.000065190523
33.333333333333336	0.5365999999999692	1.7988518	0.00012183068	0.80785676	0.00010992369
33.333333333333336	0.5767999999999692	1.8340438000000001	0.0005602715200000001	0.84011209	0.0005161216400000001
33.333333333333336	0.6169999999999692	1.8923205	0.00019386313	0.89486812	0.00018769332
33.333333333333336	0.6571999999999693	1.9380264999999999	0.00026425072	0.93886053	0.00025995243
33.333333333333336	0.6973999999999693	1.9595824	0.000058168128	0.95994541	0.000057225392
33.333333333333336	0.7375999999999693	1.966434	0.000018501452	0.96668484	0.00001812386
33.333333333333336	0.7777999999999693	1.9686744	0.000022018873	0.96889311	0.000021868054000000002
33.333333333333336	0.8179999999999693	1.9708153	0.000020268005	0.9710062	0.000019860157000000002
33.333333333333336	0.8581999999999693	1.9756532	0.000052094957	0.97578495	0.000051598500000000004
33.333333333333336	0.8983999999999693	1.9850382	0.000091725238	0.98508711	0.00009143407700000001
33.333333333333336	0.9385999999999693	1.9938316	0.000062167745	0.99383975	0.00006206796500000001
33.333333333333336	0.9787999999999694	1.9980985000000002	0.000027102073999999998	0.99809928	0.000027098328
33.333333333333336	1.0189999999999693	1.9994747	6.6285573e-6	0.99947478	6.6282701e-6
33.333333333333336	1.0591999999999693	1.9998605	2.1735361e-6	0.99986053	2.1734914e-6
33.333333333333336	1.0993999999999693	1.9999636	3.0287923999999997e-7	0.99996359	3.0287856e-7
33.333333333333336	1.1395999999999693	1.9999905	7.7325504e-8	0.99999046	7.732546899999999e-8
33.333333333333336	1.1797999999999693	1.9999975	2.0450869999999997e-8	0.9999975	2.0450868e-8
33.333333333333336	1.2199999999999693	1.9999992999999998	5.3561499e-9	0.99999935	5.3561498e-9
33.333333333333336	1.2601999999999693	1.9999997999999999	1.4025647e-9	0.99999983	1.4025647999999998e-9
33.333333333333336	1.3003999999999694	2.	3.6726075000000006e-10	0.99999996	3.6726069e-10
33.333333333333336	1.3405999999999694	2.	9.6166032e-11	0.99999999	9.616595100000001e-11
33.333333333333336	1.3807999999999694	2.	2.5180563000000002e-11	1.	2.5180657000000002e-11
33.333333333333336	1.4209999999999694	2.	6.593519199999999e-12	1.	6.5934324e-12
33.333333333333336	1.4611999999999694	2.	0.	1.	1.7264878e-12
33.333333333333336	1.5013999999999694	2.	0.	1.	0.
33.333333333333336	1.5415999999999694	2.	0.	1.	0.
33.333333333333336	1.5817999999999695	2.	0.	1.	0.
33.333333333333336	1.6219999999999695	2.	0.	1.	0.
33.333333333333336	1.6621999999999695	2.	0.	1.	0.
33.333333333333336	1.7023999999999695	2.	0.	1.	0.
33.333333333333336	1.7425999999999695	2.	0.	1.	0.
33.333333333333336	1.7827999999999695	2.	0.	1.	0.
33.333333333333336	1.8229999999999695	2.	0.	1.	0.
33.333333333333336	1.8631999999999695	2.	0.	1.	0.
33.333333333333336	1.9033999999999696	2.	0.	1.	0.
33.333333333333336	1.9435999999999696	2.	0.	1.	0.
33.333333333333336	1.9837999999999696	2.	0.	1.	0.
33.333333333333336	2.0239999999999694	2.	0.	1.	0.
33.333333333333336	2.0641999999999694	2.	0.	1.	0.
33.333333333333336	2.1043999999999694	2.	0.	1.	0.
33.333333333333336	2.1445999999999694	2.	0.	1.	0.
33.333333333333336	2.1847999999999694	2.	0.	1.	0.
33.333333333333336	2.2249999999999694	2.	0.	1.	0.
33.333333333333336	2.2651999999999695	2.	0.	1.	0.
33.333333333333336	2.3053999999999695	2.	0.	1.	0.
33.333333333333336	2.3455999999999695	2.	0.	1.	0.
33.333333333333336	2.3857999999999695	2.	0.	1.	0.
33.333333333333336	2.4259999999999695	2.	0.	1.	0.
33.333333333333336	2.4661999999999695	2.	0.	1.	0.
33.333333333333336	2.5063999999999695	2.	0.	1.	0.
33.333333333333336	2.5465999999999696	2.	0.	1.	0.
33.333333333333336	2.5867999999999696	2.	0.	1.	0.
33.333333333333336	2.6269999999999696	2.	0.	1.	0.
33.333333333333336	2.6671999999999696	2.	0.	1.	0.
33.333333333333336	2.7073999999999696	2.	0.	1.	0.
33.333333333333336	2.7475999999999696	2.	0.	1.	0.
33.333333333333336	2.7877999999999696	2.	0.	1.	0.
33.333333333333336	2.8279999999999696	2.	0.	1.	0.
33.333333333333336	2.8681999999999697	2.	0.	1.	0.
33.333333333333336	2.9083999999999697	2.	0.	1.	0.
33.333333333333336	2.9485999999999697	2.	0.	1.	0.
33.333333333333336	2.9887999999999697	2.	0.	1.	0.
19.6078431372549	-7.021	0.	0.	0.	0.
19.6078431372549	-6.9808	0.	0.	0.	0.
19.6078431372549	-6.940600000000001	0.	0.	0.	0.
19.6078431372549	-6.900400000000001	0.	0.	0.	0.
19.6078431372549	-6.860200000000002	0.	0.	0.	0.
19.6078431372549	-6.820000000000002	0.	0.	0.	0.
19.6078431372549	-6.7798000000000025	0.	0.	0.	0.
19.6078431372549	-6.739600000000003	0.	0.	0.	0.
19.6078431372549	-6.699400000000003	0.	0.	0.	0.
19.6078431372549	-6.659200000000004	0.	0.	0.	0.
19.6078431372549	-6.619000000000004	0.	0.	0.	0.
19.6078431372549	-6.578800000000005	0.	0.	0.	0.
19.6078431372549	-6.538600000000005	0.	0.	0.	0.
19.6078431372549	-6.4984000000000055	0.	0.	0.	0.
19.6078431372549	-6.458200000000006	0.	0.	0.	0.
19.6078431372549	-6.418000000000006	0.	0.	0.	0.
19.6078431372549	-6.377800000000007	0.	0.	0.	0.
19.6078431372549	-6.337600000000007	0.	0.	0.	0.
19.6078431372549	-6.297400000000008	0.	0.	0.	0.
19.6078431372549	-6.257200000000008	0.	0.	0.	0.
19.6078431372549	-6.2170000000000085	0.	0.	0.	0.
19.6078431372549	-6.176800000000009	0.	0.	0.	0.
19.6078431372549	-6.136600000000009	0.	0.	0.	0.
19.6078431372549	-6.09640000000001	0.	0.	0.	0.
19.6078431372549	-6.05620000000001	0.	0.	0.	0.
19.6078431372549	-6.016000000000011	0.	0.	0.	0.
19.6078431372549	-5.975800000000011	0.	0.	0.	0.
19.6078431372549	-5.9356000000000115	0.	0.	0.	0.
19.6078431372549	-5.895400000000012	0.	0.	0.	0.
19.6078431372549	-5.855200000000012	0.	0.	0.	0.
19.6078431372549	-5.815000000000013	0.	0.	0.	0.
19.6078431372549	-5.774800000000013	0.	0.	0.	0.
19.6078431372549	-5.734600000000014	0.	0.	0.	0.
19.6078431372549	-5.694400000000014	0.	0.	0.	0.
19.6078431372549	-5.6542000000000145	0.	0.	0.	0.
19.6078431372549	-5.614000000000015	0.	0.	0.	0.
19.6078431372549	-5.573800000000015	0.	0.	0.	0.
19.6078431372549	-5.533600000000016	0.	0.	0.	0.
19.6078431372549	-5.493400000000016	0.	0.	0.	0.
19.6078431372549	-5.453200000000017	0.	0.	0.	0.
19.6078431372549	-5.413000000000017	0.	0.	0.	0.
19.6078431372549	-5.372800000000018	0.	0.	0.	0.
19.6078431372549	-5.332600000000018	0.	0.	0.	0.
19.6078431372549	-5.292400000000018	0.	0.	0.	0.
19.6078431372549	-5.252200000000019	0.	0.	0.	0.
19.6078431372549	-5.212000000000019	0.	0.	0.	0.
19.6078431372549	-5.17180000000002	0.	0.	0.	0.
19.6078431372549	-5.13160000000002	0.	0.	0.	0.
19.6078431372549	-5.091400000000021	0.	0.	0.	0.
19.6078431372549	-5.051200000000021	0.	0.	0.	0.
19.6078431372549	-5.011000000000021	0.	0.	0.	0.
19.6078431372549	-4.970800000000022	0.	0.	0.	0.
19.6078431372549	-4.930600000000022	0.	0.	0.	0.
19.6078431372549	-4.890400000000023	0.	0.	0.	0.
19.6078431372549	-4.850200000000023	0.	0.	0.	0.
19.6078431372549	-4.810000000000024	0.	0.	0.	0.
19.6078431372549	-4.769800000000024	0.	0.	0.	0.
19.6078431372549	-4.7296000000000245	0.	0.	0.	0.
19.6078431372549	-4.689400000000025	0.	0.	0.	0.
19.6078431372549	-4.649200000000025	0.	0.	0.	0.
19.6078431372549	-4.609000000000026	0.	0.	0.	0.
19.6078431372549	-4.568800000000026	0.	0.	0.	0.
19.6078431372549	-4.528600000000027	0.	0.	0.	0.
19.6078431372549	-4.488400000000027	0.	0.	0.	0.
19.6078431372549	-4.4482000000000275	0.	0.	0.	0.
19.6078431372549	-4.408000000000028	0.	0.	0.	0.
19.6078431372549	-4.367800000000028	0.	0.	0.	0.
19.6078431372549	-4.327600000000029	0.	0.	0.	0.
19.6078431372549	-4.287400000000029	0.	0.	0.	0.
19.6078431372549	-4.24720000000003	0.	0.	0.	0.
19.6078431372549	-4.20700000000003	0.	0.	0.	0.
19.6078431372549	-4.1668000000000305	0.	0.	0.	0.
19.6078431372549	-4.126600000000031	0.	0.	0.	0.
19.6078431372549	-4.086400000000031	0.	0.	0.	0.
19.6078431372549	-4.046200000000032	0.	0.	0.	0.
19.6078431372549	-4.006000000000032	0.	0.	0.	0.
19.6078431372549	-3.965800000000032	0.	0.	0.	0.
19.6078431372549	-3.925600000000032	0.	0.	0.	0.
19.6078431372549	-3.885400000000032	0.	0.	0.	0.
19.6078431372549	-3.845200000000032	0.	0.	0.	0.
19.6078431372549	-3.805000000000032	0.	0.	0.	0.
19.6078431372549	-3.764800000000032	0.	0.	0.	0.
19.6078431372549	-3.724600000000032	0.	0.	0.	0.
19.6078431372549	-3.684400000000032	0.	0.	0.	0.
19.6078431372549	-3.644200000000032	0.	0.	0.	0.
19.6078431372549	-3.604000000000032	0.	0.	0.	0.
19.6078431372549	-3.563800000000032	0.	0.	0.	0.
19.6078431372549	-3.523600000000032	0.	0.	0.	0.
19.6078431372549	-3.483400000000032	0.	0.	0.	0.
19.6078431372549	-3.443200000000032	0.	0.	0.	0.
19.6078431372549	-3.403000000000032	0.	0.	0.	0.
19.6078431372549	-3.362800000000032	0.	0.	0.	0.
19.6078431372549	-3.322600000000032	0.	0.	0.	0.
19.6078431372549	-3.282400000000032	0.	0.	0.	0.
19.6078431372549	-3.242200000000032	0.	0.	0.	0.
19.6078431372549	-3.202000000000032	0.	0.	0.	0.
19.6078431372549	-3.161800000000032	0.	0.	0.	0.
19.6078431372549	-3.121600000000032	0.	0.	0.	0.
19.6078431372549	-3.081400000000032	0.	0.	0.	0.
19.6078431372549	-3.041200000000032	0.	0.	0.	0.
19.6078431372549	-3.001000000000032	0.	0.	0.	0.
19.6078431372549	-2.960800000000032	0.	0.	0.	0.
19.6078431372549	-2.920600000000032	0.	0.	0.	0.
19.6078431372549	-2.880400000000032	0.	0.	0.	0.
19.6078431372549	-2.840200000000032	0.	0.	0.	0.
19.6078431372549	-2.800000000000032	0.	0.	0.	0.
19.6078431372549	-2.759800000000032	0.	0.	0.	0.
19.6078431372549	-2.7196000000000318	0.	0.	0.	0.
19.6078431372549	-2.6794000000000318	0.	0.	0.	0.
19.6078431372549	-2.6392000000000317	9.0205621e-19	2.3046374000000004e-19	0.	0.
19.6078431372549	-2.5990000000000317	6.9076689e-17	1.9956107000000003e-18	0.	0.
19.6078431372549	-2.5588000000000317	2.2124663e-16	1.2141206000000002e-18	1.1886840000000001e-32	2.0138635000000002e-34
19.6078431372549	-2.5186000000000317	4.8433479e-16	2.8032026000000002e-18	5.113536600000001e-32	5.6367103e-34
19.6078431372549	-2.4784000000000317	1.0837338e-15	7.0652776e-18	2.5505282999999996e-31	2.5368625e-33
19.6078431372549	-2.4382000000000317	2.4058186e-15	1.5199247e-17	1.2687699e-30	1.1610435e-32
19.6078431372549	-2.3980000000000317	5.2891892e-15	3.1946187e-17	6.1237928e-30	5.553991900000001e-32
19.6078431372549	-2.3578000000000316	1.1634825e-14	7.178583899999999e-17	2.9639650000000003e-29	2.7351771e-31
19.6078431372549	-2.3176000000000316	2.558934e-14	1.558443e-16	1.4337896e-28	1.3038541000000003e-30
19.6078431372549	-2.2774000000000316	5.6281386000000004e-14	3.4264766000000003e-16	6.935613e-28	6.2798652000000005e-30
19.6078431372549	-2.2372000000000316	1.2379316e-13	7.5378048e-16	3.3554811e-27	3.0416538e-29
19.6078431372549	-2.1970000000000316	2.7228409e-13	1.6587065000000001e-15	1.6233170999999998e-26	1.4707339e-28
19.6078431372549	-2.1568000000000316	5.9888901e-13	3.6489722e-15	7.853311399999999e-26	7.112660400000001e-28
19.6078431372549	-2.1166000000000316	1.3172632999999999e-12	8.0274181e-15	3.7993138000000004e-25	3.4428596e-27
19.6078431372549	-2.0764000000000316	2.8973354e-12	1.7655842e-14	1.8380514000000003e-24	1.6653998e-26
19.6078431372549	-2.0362000000000315	6.372722499999999e-12	3.8833420000000006e-14	8.8922158e-24	8.057062299999999e-26
19.6078431372549	-1.9960000000000315	1.4016883e-11	8.541541400000001e-14	4.301926e-23	3.8979300000000003e-25
19.6078431372549	-1.9558000000000315	3.0830300000000004e-11	1.8787061e-13	2.0812081999999999e-22	1.8857220000000002e-24
19.6078431372549	-1.9156000000000315	6.7811623e-11	4.1322672e-13	1.0068583e-21	9.122929600000002e-24
19.6078431372549	-1.8754000000000315	1.4915249e-10	9.0889613e-13	4.8710328999999996e-21	4.4135201000000005e-23
19.6078431372549	-1.8352000000000315	3.280627e-10	1.9991267e-12	2.3565343e-20	2.1351964e-22
19.6078431372549	-1.7950000000000315	7.215778800000001e-10	4.397103e-12	1.1400568e-19	1.0329771999999998e-21
19.6078431372549	-1.7548000000000314	1.5871192000000002e-9	9.6714816e-12	5.515427400000001e-19	4.9973922e-21
19.6078431372549	-1.7146000000000314	3.4908878e-9	2.127254e-11	2.6682827e-18	2.4176649999999998e-20
19.6078431372549	-1.6744000000000314	7.6782491e-9	4.6789193e-11	1.2908758e-17	1.1696305e-19
19.6078431372549	-1.6342000000000314	1.6888397e-8	1.0291332000000001e-10	6.2450644e-17	5.6584961e-19
19.6078431372549	-1.5940000000000314	3.714621e-8	2.2635873e-10	3.0212669e-16	2.7374928e-18
19.6078431372549	-1.5538000000000314	8.1703424e-8	4.9787703e-10	1.4616407e-15	1.3243537999999999e-17
19.6078431372549	-1.5136000000000314	1.7970712e-7	1.0950781e-9	7.071161e-15	6.406975499999999e-17
19.6078431372549	-1.4734000000000314	3.9526532e-7	2.4085967e-9	3.4208788000000004e-14	3.0995431000000005e-16
19.6078431372549	-1.4332000000000313	8.6937796e-7	5.2975396e-9	1.6549229e-13	1.499452e-15
19.6078431372549	-1.3930000000000313	1.912145e-6	1.1651044999999999e-8	8.0057618e-13	7.2534747e-15
19.6078431372549	-1.3528000000000313	4.2054841e-6	2.5621986e-8	3.8725248e-12	3.5084284e-14
19.6078431372549	-1.3126000000000313	9.2427958e-6	5.654242699999999e-8	1.8715860000000002e-11	1.6932363e-13
19.6078431372549	-1.2724000000000313	0.000020325820000000003	1.1713804e-7	9.050713e-11	7.884687500000001e-13
19.6078431372549	-1.2322000000000313	0.00004468267	2.4257442000000003e-7	4.3748936e-10	3.2589062e-12
19.6078431372549	-1.1920000000000313	0.00009818724599999999	6.309690799999999e-7	2.1086563e-9	1.7764936e-11
19.6078431372549	-1.1518000000000312	0.00021613365	2.3397352e-6	1.0191078e-8	1.0979764e-10
19.6078431372549	-1.1116000000000312	0.00047153938000000004	4.4807029e-6	4.8563066999999994e-8	4.2529266e-10
19.6078431372549	-1.0714000000000312	0.0010202421	0.000012911247000000001	2.2644369e-7	1.8794823e-9
19.6078431372549	-1.0312000000000312	0.0021476021000000002	0.000015756659000000002	1.0110134e-6	1.0276931e-8
19.6078431372549	-0.9910000000000312	0.0043428094000000006	0.000035304645000000004	4.1493001e-6	5.4891155e-8
19.6078431372549	-0.9508000000000312	0.008231856800000001	0.000026277163	0.000014881036	1.7578205999999998e-7
19.6078431372549	-0.9106000000000312	0.013855022000000002	0.000085225268	0.00004266981	3.8295751e-7
19.6078431372549	-0.8704000000000311	0.020524419000000002	0.000084780671	0.000094426214	4.5153895999999996e-7
19.6078431372549	-0.8302000000000311	0.026904927000000002	0.00005925022800000001	0.00016195701000000002	4.6527995999999996e-7
19.6078431372549	-0.7900000000000311	0.03307774	0.00010018655999999999	0.00024352657	9.1358143e-7
19.6078431372549	-0.7498000000000311	0.040720983	0.00018300306	0.00036927715	2.0017524e-6
19.6078431372549	-0.7096000000000311	0.05277464	0.00037644989	0.00062057219	4.4558284e-6
19.6078431372549	-0.6694000000000311	0.074202773	0.00046623122	0.0012143882000000001	0.000012932175000000001
19.6078431372549	-0.6292000000000311	0.10552108	0.0008170824	0.0024428151	0.000023001065000000003
19.6078431372549	-0.589000000000031	0.14194046	0.00050223249	0.0044280541	0.000030717653000000004
19.6078431372549	-0.548800000000031	0.17602077	0.00035138506000000004	0.0069082285	0.000017716249000000002
19.6078431372549	-0.508600000000031	0.20382318	0.00029098986	0.0093101587	0.000020256249000000002
19.6078431372549	-0.468400000000031	0.2285837	0.00065756206	0.011693718	0.000014093454
19.6078431372549	-0.428200000000031	0.25814362	0.00043964171000000004	0.014925165000000002	0.000037307952000000005
19.6078431372549	-0.388000000000031	0.30356359	0.001178772	0.020531773000000003	0.00006800752300000001
19.6078431372549	-0.347800000000031	0.37217263	0.00036069620000000004	0.030687687000000005	0.000019764425000000002
19.6078431372549	-0.30760000000003096	0.45394427	0.0012332128	0.046172123	0.000088673344
19.6078431372549	-0.26740000000003095	0.53886333	0.00033482138	0.065882327	0.00015654471
19.6078431372549	-0.22720000000003093	0.60864574	0.0005776706200000001	0.08509667900000001	0.00018400213000000003
19.6078431372549	-0.18700000000003092	0.66090348	0.00055307757	0.10082674	0.00010734233
19.6078431372549	-0.1468000000000309	0.70592557	0.00036340119	0.11572202	0.000087559872
19.6078431372549	-0.1066000000000309	0.75835871	0.0011070759	0.13380009	0.00021290599
19.6078431372549	-0.0664000000000309	0.83004488	0.00070297959	0.16162007	0.00019790449
19.6078431372549	-0.026200000000030907	0.9290076	0.00052883408	0.2031272	0.00021259251000000002
19.6078431372549	0.013999999999969093	1.0382816	0.00023403973	0.25690333	0.00049982075
19.6078431372549	0.05419999999996909	1.1426097	0.00066776786	0.31556507	0.0007577386699999999
19.6078431372549	0.09439999999996909	1.2209246999999999	0.0010240341	0.36245154	0.00090681647
19.6078431372549	0.13459999999996908	1.2797595	0.00085921558	0.4011543	0.0010225697
19.6078431372549	0.1747999999999691	1.3253443	0.00021432504	0.4308756	0.00036618788000000003
19.6078431372549	0.2149999999999691	1.3746519	0.00048171326	0.46483656	0.00042266491
19.6078431372549	0.2551999999999691	1.4391728000000001	0.00039150741	0.51136457	0.00024963053
19.6078431372549	0.29539999999996913	1.5193995	0.0007512893499999999	0.57145559	0.00080296524
19.6078431372549	0.33559999999996915	1.6051509	0.00062654694	0.6398908	0.00062386885
19.6078431372549	0.37579999999996916	1.6787951	0.00057077092	0.70178065	0.0005473526399999999
19.6078431372549	0.41599999999996917	1.729722	0.00018331355	0.74602353	0.00017356153999999998
19.6078431372549	0.4561999999999692	1.7632245999999998	0.00030483265999999996	0.77572759	0.00031221118
19.6078431372549	0.4963999999999692	1.7886611	0.00027509226	0.79866127	0.00027647509
19.6078431372549	0.5365999999999692	1.8150768	0.000085571398	0.82270464	0.00009307493300000001
19.6078431372549	0.5767999999999692	1.8466737	0.0006966781899999999	0.8518787	0.00065621312
19.6078431372549	0.6169999999999692	1.884045	0.00032609504	0.88699939	0.00031703014000000003
19.6078431372549	0.6571999999999693	1.9171143	0.00040752409	0.91862128	0.00039503426000000004
19.6078431372549	0.6973999999999693	1.9413919	0.00047491616	0.94214913	0.00046607530000000003
19.6078431372549	0.7375999999999693	1.9561518	0.00017924007000000002	0.95657948	0.00017732850000000001
19.6078431372549	0.7777999999999693	1.9650115000000001	0.000082733992	0.96528533	0.000082188855
19.6078431372549	0.8179999999999693	1.9711544	0.000065190971	0.97133919	0.000064395564
19.6078431372549	0.8581999999999693	1.9774721	0.00009101031200000001	0.97758563	0.000090416578
19.6078431372549	0.8983999999999693	1.98407	0.00012443903000000002	0.98412634	0.00012394741
19.6078431372549	0.9385999999999693	1.9901684	0.000067662841	0.99018957	0.000067444173
19.6078431372549	0.9787999999999694	1.9946869	0.000043837643	0.99469313	0.000043749167
19.6078431372549	1.0189999999999693	1.9973332	0.000018639521	0.99733474	0.000018625823
19.6078431372549	1.0591999999999693	1.9987149000000002	0.000016268212	0.99871526	0.000016265717
19.6078431372549	1.0993999999999693	1.9994045999999999	5.629070400000001e-6	0.99940472	5.6284929e-6
19.6078431372549	1.1395999999999693	1.999726	2.8671938000000006e-6	0.99972598	2.8670420000000006e-6
19.6078431372549	1.1797999999999693	1.9998753999999999	7.9977808e-7	0.99987538	7.9975742e-7
19.6078431372549	1.2199999999999693	1.9999432000000001	3.2604976e-7	0.99994324	3.2604618e-7
19.6078431372549	1.2601999999999693	1.9999742	1.4873139e-7	0.99997419	1.4873053999999998e-7
19.6078431372549	1.3003999999999694	1.9999882999999998	7.1809115e-8	0.99998826	7.1808932e-8
19.6078431372549	1.3405999999999694	1.9999947000000002	3.254348e-8	0.99999466	3.2543443e-8
19.6078431372549	1.3807999999999694	1.9999976	1.4799167999999998e-8	0.99999757	1.4799159999999999e-8
19.6078431372549	1.4209999999999694	1.9999989	6.7290887e-9	0.9999989	6.7290872e-9
19.6078431372549	1.4611999999999694	1.9999995000000002	3.0595003999999997e-9	0.9999995	3.0595e-9
19.6078431372549	1.5013999999999694	1.9999997999999999	1.3910205000000002e-9	0.99999977	1.3910203e-9
19.6078431372549	1.5415999999999694	1.9999999	6.324283300000001e-10	0.9999999	6.3242859e-10
19.6078431372549	1.5817999999999695	2.	2.8753259e-10	0.99999995	2.8753260000000004e-10
19.6078431372549	1.6219999999999695	2.	1.3072586e-10	0.99999998	1.3072588e-10
19.6078431372549	1.6621999999999695	2.	5.94341e-11	0.99999999	5.943406e-11
19.6078431372549	1.7023999999999695	2.	2.7021601e-11	1.	2.7021469e-11
19.6078431372549	1.7425999999999695	2.	1.2285133e-11	1.	1.2285188e-11
19.6078431372549	1.7827999999999695	2.	5.5853063e-12	1.	5.5854398e-12
19.6078431372549	1.8229999999999695	2.	2.5393511e-12	1.	2.5394557e-12
19.6078431372549	1.8631999999999695	2.	0.	1.	1.1545481e-12
19.6078431372549	1.9033999999999696	2.	0.	1.	0.
19.6078431372549	1.9435999999999696	2.	0.	1.	0.
19.6078431372549	1.9837999999999696	2.	0.	1.	0.
19.6078431372549	2.0239999999999694	2.	0.	1.	0.
19.6078431372549	2.0641999999999694	2.	0.	1.	0.
19.6078431372549	2.1043999999999694	2.	0.	1.	0.
19.6078431372549	2.1445999999999694	2.	0.	1.	0.
19.6078431372549	2.1847999999999694	2.	0.	1.	0.
19.6078431372549	2.2249999999999694	2.	0.	1.	0.
19.6078431372549	2.2651999999999695	2.	0.	1.	0.
19.6078431372549	2.3053999999999695	2.	0.	1.	0.
19.6078431372549	2.3455999999999695	2.	0.	1.	0.
19.6078431372549	2.3857999999999695	2.	0.	1.	0.
19.6078431372549	2.4259999999999695	2.	0.	1.	0.
19.6078431372549	2.4661999999999695	2.	0.	1.	0.
19.6078431372549	2.5063999999999695	2.	0.	1.	0.
19.6078431372549	2.5465999999999696	2.	0.	1.	0.
19.6078431372549	2.5867999999999696	2.	0.	1.	0.
19.6078431372549	2.6269999999999696	2.	0.	1.	0.
19.6078431372549	2.6671999999999696	2.	0.	1.	0.
19.6078431372549	2.7073999999999696	2.	0.	1.	0.
19.6078431372549	2.7475999999999696	2.	0.	1.	0.
19.6078431372549	2.7877999999999696	2.	0.	1.	0.
19.6078431372549	2.8279999999999696	2.	0.	1.	0.
19.6078431372549	2.8681999999999697	2.	0.	1.	0.
19.6078431372549	2.9083999999999697	2.	0.	1.	0.
19.6078431372549	2.9485999999999697	2.	0.	1.	0.
19.6078431372549	2.9887999999999697	2.	0.	1.	0.
13.888888888888888	-7.021	0.	0.	0.	0.
13.888888888888888	-6.9808	0.	0.	0.	0.
13.888888888888888	-6.940600000000001	0.	0.	0.	0.
13.888888888888888	-6.900400000000001	0.	0.	0.	0.
13.888888888888888	-6.860200000000002	0.	0.	0.	0.
13.888888888888888	-6.820000000000002	0.	0.	0.	0.
13.888888888888888	-6.7798000000000025	0.	0.	0.	0.
13.888888888888888	-6.739600000000003	0.	0.	0.	0.
13.888888888888888	-6.699400000000003	0.	0.	0.	0.
13.888888888888888	-6.659200000000004	0.	0.	0.	0.
13.888888888888888	-6.619000000000004	0.	0.	0.	0.
13.888888888888888	-6.578800000000005	0.	0.	0.	0.
13.888888888888888	-6.538600000000005	0.	0.	0.	0.
13.888888888888888	-6.4984000000000055	0.	0.	0.	0.
13.888888888888888	-6.458200000000006	0.	0.	0.	0.
13.888888888888888	-6.418000000000006	0.	0.	0.	0.
13.888888888888888	-6.377800000000007	0.	0.	0.	0.
13.888888888888888	-6.337600000000007	0.	0.	0.	0.
13.888888888888888	-6.297400000000008	0.	0.	0.	0.
13.888888888888888	-6.257200000000008	0.	0.	0.	0.
13.888888888888888	-6.2170000000000085	0.	0.	0.	0.
13.888888888888888	-6.176800000000009	0.	0.	0.	0.
13.888888888888888	-6.136600000000009	0.	0.	0.	0.
13.888888888888888	-6.09640000000001	0.	0.	0.	0.
13.888888888888888	-6.05620000000001	0.	0.	0.	0.
13.888888888888888	-6.016000000000011	0.	0.	0.	0.
13.888888888888888	-5.975800000000011	0.	0.	0.	0.
13.888888888888888	-5.9356000000000115	0.	0.	0.	0.
13.888888888888888	-5.895400000000012	0.	0.	0.	0.
13.888888888888888	-5.855200000000012	0.	0.	0.	0.
13.888888888888888	-5.815000000000013	0.	0.	0.	0.
13.888888888888888	-5.774800000000013	0.	0.	0.	0.
13.888888888888888	-5.734600000000014	0.	0.	0.	0.
13.888888888888888	-5.694400000000014	0.	0.	0.	0.
13.888888888888888	-5.6542000000000145	0.	0.	0.	0.
13.888888888888888	-5.614000000000015	0.	0.	0.	0.
13.888888888888888	-5.573800000000015	0.	0.	0.	0.
13.888888888888888	-5.533600000000016	0.	0.	0.	0.
13.888888888888888	-5.493400000000016	0.	0.	0.	0.
13.888888888888888	-5.453200000000017	0.	0.	0.	0.
13.888888888888888	-5.413000000000017	0.	0.	0.	0.
13.888888888888888	-5.372800000000018	0.	0.	0.	0.
13.888888888888888	-5.332600000000018	0.	0.	0.	0.
13.888888888888888	-5.292400000000018	0.	0.	0.	0.
13.888888888888888	-5.252200000000019	0.	0.	0.	0.
13.888888888888888	-5.212000000000019	0.	0.	0.	0.
13.888888888888888	-5.17180000000002	0.	0.	0.	0.
13.888888888888888	-5.13160000000002	0.	0.	0.	0.
13.888888888888888	-5.091400000000021	0.	0.	0.	0.
13.888888888888888	-5.051200000000021	0.	0.	0.	0.
13.888888888888888	-5.011000000000021	0.	0.	0.	0.
13.888888888888888	-4.970800000000022	0.	0.	0.	0.
13.888888888888888	-4.930600000000022	0.	0.	0.	0.
13.888888888888888	-4.890400000000023	0.	0.	0.	0.
13.888888888888888	-4.850200000000023	0.	0.	0.	0.
13.888888888888888	-4.810000000000024	0.	0.	0.	0.
13.888888888888888	-4.769800000000024	0.	0.	0.	0.
13.888888888888888	-4.7296000000000245	0.	0.	0.	0.
13.888888888888888	-4.689400000000025	0.	0.	0.	0.
13.888888888888888	-4.649200000000025	0.	0.	0.	0.
13.888888888888888	-4.609000000000026	0.	0.	0.	0.
13.888888888888888	-4.568800000000026	0.	0.	0.	0.
13.888888888888888	-4.528600000000027	0.	0.	0.	0.
13.888888888888888	-4.488400000000027	0.	0.	0.	0.
13.888888888888888	-4.4482000000000275	0.	0.	0.	0.
13.888888888888888	-4.408000000000028	0.	0.	0.	0.
13.888888888888888	-4.367800000000028	0.	0.	0.	0.
13.888888888888888	-4.327600000000029	0.	0.	0.	0.
13.888888888888888	-4.287400000000029	0.	0.	0.	0.
13.888888888888888	-4.24720000000003	0.	0.	0.	0.
13.888888888888888	-4.20700000000003	0.	0.	0.	0.
13.888888888888888	-4.1668000000000305	0.	0.	0.	0.
13.888888888888888	-4.126600000000031	0.	0.	0.	0.
13.888888888888888	-4.086400000000031	0.	0.	0.	0.
13.888888888888888	-4.046200000000032	0.	0.	0.	0.
13.888888888888888	-4.006000000000032	0.	0.	0.	0.
13.888888888888888	-3.965800000000032	0.	0.	0.	0.
13.888888888888888	-3.925600000000032	0.	0.	0.	0.
13.888888888888888	-3.885400000000032	0.	0.	0.	0.
13.888888888888888	-3.845200000000032	0.	0.	0.	0.
13.888888888888888	-3.805000000000032	0.	0.	0.	0.
13.888888888888888	-3.764800000000032	0.	0.	0.	0.
13.888888888888888	-3.724600000000032	0.	0.	0.	0.
13.888888888888888	-3.684400000000032	0.	0.	0.	0.
13.888888888888888	-3.644200000000032	0.	0.	0.	0.
13.888888888888888	-3.604000000000032	0.	0.	0.	0.
13.888888888888888	-3.563800000000032	0.	0.	0.	0.
13.888888888888888	-3.523600000000032	0.	0.	0.	0.
13.888888888888888	-3.483400000000032	0.	0.	0.	0.
13.888888888888888	-3.443200000000032	0.	0.	0.	0.
13.888888888888888	-3.403000000000032	0.	0.	0.	0.
13.888888888888888	-3.362800000000032	1.3183898e-18	2.3974355000000002e-19	0.	0.
13.888888888888888	-3.322600000000032	3.2890356999999997e-17	2.1778208e-18	0.	0.
13.888888888888888	-3.282400000000032	1.4004423e-16	1.0158135000000002e-18	4.1773419999999995e-33	1.4719196e-34
13.888888888888888	-3.242200000000032	2.4575827000000004e-16	2.7794309000000003e-18	1.4274993000000001e-32	2.2080264e-34
13.888888888888888	-3.202000000000032	4.2979509000000005e-16	2.4797142e-18	4.0113269000000006e-32	3.5936274000000004e-34
13.888888888888888	-3.161800000000032	7.542057300000001e-16	5.1100490000000005e-18	1.2523551999999998e-31	1.1163892e-33
13.888888888888888	-3.121600000000032	1.3314697e-15	8.9219191e-18	3.8543058e-31	4.0304042999999996e-33
13.888888888888888	-3.081400000000032	2.3460921000000002e-15	1.465984e-17	1.2035887000000002e-30	1.0867565000000001e-32
13.888888888888888	-3.041200000000032	4.0954046e-15	2.7137106e-17	3.6683072000000006e-30	3.6429001000000003e-32
13.888888888888888	-3.001000000000032	7.1638355e-15	4.622936e-17	1.1222925000000001e-29	1.0591549e-31
13.888888888888888	-2.960800000000032	1.2524929000000002e-14	8.17606e-17	3.4317027000000005e-29	3.3238158999999998e-31
13.888888888888888	-2.920600000000032	2.1883953000000002e-14	1.4191660000000002e-16	1.0475921000000001e-28	1.0027187000000001e-30
13.888888888888888	-2.880400000000032	3.8248293e-14	2.4864997e-16	3.1999467e-28	3.0918541000000002e-30
13.888888888888888	-2.840200000000032	6.6848905e-14	4.3560923000000003e-16	9.7751386e-28	9.449233e-30
13.888888888888888	-2.800000000000032	1.1683635e-13	7.6085763e-16	2.9859953999999997e-27	2.8849832e-29
13.888888888888888	-2.759800000000032	2.0420289e-13	1.3298394e-15	9.1213199e-27	8.806019400000001e-29
13.888888888888888	-2.7196000000000318	3.5689612999999995e-13	2.3245457e-15	2.7862269e-26	2.6908976e-28
13.888888888888888	-2.6794000000000318	6.237654e-13	4.0621941e-15	8.510872399999999e-26	8.217789100000001e-28
13.888888888888888	-2.6392000000000317	1.0901927e-12	7.100024000000001e-15	2.5997901000000004e-25	2.5104863999999998e-27
13.888888888888888	-2.5990000000000317	1.9053916e-12	1.2408118e-14	7.941463100000001e-25	7.6677704e-27
13.888888888888888	-2.5588000000000317	3.3301621999999997e-12	2.1687626e-14	2.4258433e-24	2.3425020999999996e-26
13.888888888888888	-2.5186000000000317	5.8203179e-12	3.7904833e-14	7.4101196e-24	7.155385499999999e-26
13.888888888888888	-2.4784000000000317	1.0172507e-11	6.624836e-14	2.2635384e-23	2.1856946000000002e-25
13.888888888888888	-2.4382000000000317	1.7779079e-11	1.1578729999999999e-13	6.914334700000001e-23	6.6767141e-25
13.888888888888888	-2.3980000000000317	3.1073531e-11	2.0236691000000001e-13	2.1120932999999998e-22	2.0394825000000004e-24
13.888888888888888	-2.3578000000000316	5.4309006000000006e-11	3.5368913e-13	6.4517208e-22	6.2299470000000005e-24
13.888888888888888	-2.3176000000000316	9.4918997e-11	6.1816249e-13	1.9707799e-21	1.9030283e-23
13.888888888888888	-2.2774000000000316	1.6589543000000003e-10	1.0803974999999999e-12	6.0200580999999995e-21	5.813096800000001e-23
13.888888888888888	-2.2372000000000316	2.8994505e-10	1.8882742999999996e-12	1.8389216999999998e-20	1.7757023999999998e-22
13.888888888888888	-2.1970000000000316	5.0675375e-10	3.3002450999999998e-12	5.6172765e-20	5.424161899999999e-22
13.888888888888888	-2.1568000000000316	8.8568288e-10	5.7680288e-12	1.7158857e-19	1.6568954999999998e-21
13.888888888888888	-2.1166000000000316	1.5479592e-9	1.0081117000000001e-11	5.241443300000001e-19	5.0612475999999996e-21
13.888888888888888	-2.0764000000000316	2.705458e-9	1.7619352e-11	1.6010815e-18	1.5460379e-20
13.888888888888888	-2.0362000000000315	4.7284853e-9	3.079436e-11	4.8907555e-18	4.7226162e-20
13.888888888888888	-1.9960000000000315	8.264247e-9	5.3821078e-11	1.4939581e-17	1.4425972000000003e-19
13.888888888888888	-1.9558000000000315	1.4443901e-8	9.406618e-11	4.5635293999999996e-17	4.406638700000001e-19
13.888888888888888	-1.9156000000000315	2.5244434999999997e-8	1.6440483e-10	1.3940012e-16	1.3460761e-18
13.888888888888888	-1.8754000000000315	4.4121138999999996e-8	2.8733957e-10	4.2581925e-16	4.111796e-18
13.888888888888888	-1.8352000000000315	7.7113004e-8	5.021991700000001e-10	1.3007299e-15	1.2560097e-17
13.888888888888888	-1.7950000000000315	1.3477465999999997e-7	8.777200300000001e-10	3.9732728e-15	3.8366629000000003e-17
13.888888888888888	-1.7548000000000314	2.3555286e-7	1.5340343e-9	1.2136925e-14	1.1719601000000001e-16
13.888888888888888	-1.7146000000000314	4.1168748999999995e-7	2.6810969e-9	3.7073817e-14	3.5798884e-16
13.888888888888888	-1.6744000000000314	7.195242799999999e-7	4.6858355e-9	1.1324602000000001e-13	1.0935075e-15
13.888888888888888	-1.6342000000000314	1.2575366e-6	8.1894839e-9	3.4591823999999997e-13	3.3401526e-15
13.888888888888888	-1.5940000000000314	2.1978156e-6	1.4312557e-8	1.0566106e-12	1.0202284e-14
13.888888888888888	-1.5538000000000314	3.8410848e-6	2.5012811e-8	3.2273101999999996e-12	3.1160541000000007e-14
13.888888888888888	-1.5136000000000314	6.712782900000001e-6	4.3710007e-8	9.8568677e-12	9.5163731e-14
13.888888888888888	-1.4734000000000314	0.000011724664000000001	7.610759299999999e-8	3.0083279e-11	2.8705388999999997e-13
13.888888888888888	-1.4332000000000313	0.000020491597	1.2571647e-7	9.1893804e-11	8.365782e-13
13.888888888888888	-1.3930000000000313	0.000035802293	2.2253702999999998e-7	2.8053598000000003e-10	2.5149903e-12
13.888888888888888	-1.3528000000000313	0.000062533352	3.6578522e-7	8.559737600000001e-10	7.0175119999999996e-12
13.888888888888888	-1.3126000000000313	0.00010919111	6.4019698e-7	2.6073428e-9	2.1768231e-11
13.888888888888888	-1.2724000000000313	0.00019066372	1.2365039000000001e-6	7.9446874e-9	7.075555500000001e-11
13.888888888888888	-1.2322000000000313	0.00033311368000000005	3.2542152000000006e-6	2.4205162999999996e-8	2.2606409000000001e-10
13.888888888888888	-1.1920000000000313	0.00057712325	5.066147100000001e-6	7.2778881e-8	6.066032500000001e-10
13.888888888888888	-1.1518000000000312	0.00099772001	9.1479929e-6	2.1757729e-7	1.8417397999999998e-9
13.888888888888888	-1.1116000000000312	0.0017113361	0.000016906199	6.3841263e-7	5.410090400000001e-9
13.888888888888888	-1.0714000000000312	0.0028815586	0.000018970811	1.8212428e-6	1.9409941999999998e-8
13.888888888888888	-1.0312000000000312	0.0047480641	0.000020865823000000002	4.9475673e-6	4.3446489e-8
13.888888888888888	-0.9910000000000312	0.007589423	0.000030507197000000003	0.000012677844	1.3250174e-7
13.888888888888888	-0.9508000000000312	0.011695467000000001	0.000058506874	0.000030112797000000003	2.1236471e-7
13.888888888888888	-0.9106000000000312	0.017103783	0.00010965749	0.000064108439	5.3780618e-7
13.888888888888888	-0.8704000000000311	0.023401184000000002	0.000094880304	0.00012141256000000001	2.3255139e-7
13.888888888888888	-0.8302000000000311	0.031079262000000003	0.00018316174	0.00021322757000000002	1.740262e-6
13.888888888888888	-0.7900000000000311	0.040227783	0.00012836393	0.00035670382	1.3495437e-6
13.888888888888888	-0.7498000000000311	0.052041208000000005	0.00022740043	0.00059639085	2.9539259e-6
13.888888888888888	-0.7096000000000311	0.068399481	0.00031833718	0.0010139567	4.822287000000001e-6
13.888888888888888	-0.6694000000000311	0.08919473300000001	0.0003862919	0.0017486373	8.681238700000001e-6
13.888888888888888	-0.6292000000000311	0.11646046	0.00044024782000000003	0.0029662448	0.000014646098
13.888888888888888	-0.589000000000031	0.14613066	0.00070346703	0.0047165120999999996	0.000029516451
13.888888888888888	-0.548800000000031	0.1785369	0.00083687253	0.007046970299999999	0.000031839425
13.888888888888888	-0.508600000000031	0.20909982	0.0002215665	0.0097462521	0.000019481598
13.888888888888888	-0.468400000000031	0.24410024	0.00066267473	0.013245236	0.000026350145000000003
13.888888888888888	-0.428200000000031	0.28526841	0.0012471372	0.018020901000000002	0.000030676869
13.888888888888888	-0.388000000000031	0.33434768	0.0014490863000000001	0.024746334000000002	0.000049310104
13.888888888888888	-0.347800000000031	0.39442918	0.00031335909	0.034519866	0.000050073056000000006
13.888888888888888	-0.30760000000003096	0.46071731	0.00069705134	0.047591493000000006	0.000069775821
13.888888888888888	-0.26740000000003095	0.53025456	0.0010085876	0.063568265	0.00024157973
13.888888888888888	-0.22720000000003093	0.59556339	0.00027479478	0.0810623	0.00015269047
13.888888888888888	-0.18700000000003092	0.65810611	0.00043635793000000003	0.09957399	0.00019690147999999998
13.888888888888888	-0.1468000000000309	0.71895318	0.00025118345	0.12023676	0.00010640525000000001
13.888888888888888	-0.1066000000000309	0.78452895	0.00036099104	0.14357657	0.00016425786000000002
13.888888888888888	-0.0664000000000309	0.8589072	0.0007905567	0.1733495	0.00042463988000000005
13.888888888888888	-0.026200000000030907	0.94309961	0.00035965462999999997	0.20989685	0.00043252107
13.888888888888888	0.013999999999969093	1.030226	0.00014334134	0.2522337	0.00053950473
13.888888888888888	0.05419999999996909	1.1163695	0.00021549096000000002	0.30009052	0.00045883011
13.888888888888888	0.09439999999996909	1.1929787	0.00042887896	0.34439316	0.00071310539
13.888888888888888	0.13459999999996908	1.2611836	0.00047297672	0.38764529	0.00076475684
13.888888888888888	0.1747999999999691	1.3243113000000002	0.00050281504	0.43007892	0.00068093557
13.888888888888888	0.2149999999999691	1.3840167	0.00050834071	0.47067897	0.0005275023800000001
13.888888888888888	0.2551999999999691	1.4491862	0.0010162061	0.51784259	0.0010204138
13.888888888888888	0.29539999999996913	1.5180879999999999	0.00067662444	0.57026813	0.00067264299
13.888888888888888	0.33559999999996915	1.5878411000000001	0.0005455158500000001	0.62590115	0.0005358864399999999
13.888888888888888	0.37579999999996916	1.649584	0.00074106189	0.67703829	0.0007254620200000001
13.888888888888888	0.41599999999996917	1.7018822	0.00065330855	0.72165068	0.00065544406
13.888888888888888	0.4561999999999692	1.7435895000000001	0.0005691554	0.75814459	0.0005585985000000001
13.888888888888888	0.4963999999999692	1.7798157000000001	0.00085108047	0.79054878	0.00083969789
13.888888888888888	0.5365999999999692	1.812264	0.00075134441	0.81999894	0.00074082382
13.888888888888888	0.5767999999999692	1.8441414	0.00053364643	0.84949155	0.0005154545699999999
13.888888888888888	0.6169999999999692	1.8750683000000001	0.000291975	0.87849786	0.00028006729000000003
13.888888888888888	0.6571999999999693	1.9034965000000001	0.00047752775	0.90554487	0.00046476570000000004
13.888888888888888	0.6973999999999693	1.9261917	0.00049048176	0.92738597	0.00048314063000000004
13.888888888888888	0.7375999999999693	1.9435230000000001	0.00024097734000000002	0.9442219	0.00023726750999999999
13.888888888888888	0.7777999999999693	1.956745	0.00009168240700000001	0.95715823	0.00009201382600000001
13.888888888888888	0.8179999999999693	1.9663427	0.00013111431000000003	0.96659142	0.00013029451
13.888888888888888	0.8581999999999693	1.9743751	0.000058555857	0.97452037	0.000058358912
13.888888888888888	0.8983999999999693	1.9811987	0.000094354813	0.981277	0.00009390164600000002
13.888888888888888	0.9385999999999693	1.9867971	0.000073237201	0.98683553	0.00007290458300000001
13.888888888888888	0.9787999999999694	1.991254	0.000049115323000000003	0.9912708	0.000048934685
13.888888888888888	1.0189999999999693	1.9945048	0.000026040128	0.99451148	0.000025973959000000004
13.888888888888888	1.0591999999999693	1.9966412	0.000018810967000000003	0.99664366	0.000018796883
13.888888888888888	1.0993999999999693	1.997995	0.000015980203	0.99799588	0.000015975566
13.888888888888888	1.1395999999999693	1.9988237	9.887071400000001e-6	0.99882402	9.8850619e-6
13.888888888888888	1.1797999999999693	1.9993183	5.9400678e-6	0.9993184	5.939263500000001e-6
13.888888888888888	1.2199999999999693	1.9996064999999998	3.6032972000000003e-6	0.99960652	3.6030223000000005e-6
13.888888888888888	1.2601999999999693	1.9997738	2.1434822e-6	0.99977383	2.1433816000000003e-6
13.888888888888888	1.3003999999999694	1.9998706999999998	8.076309699999999e-7	0.9998707	8.0760416e-7
13.888888888888888	1.3405999999999694	1.9999259999999999	4.4109798999999996e-7	0.99992596	4.4108988999999996e-7
13.888888888888888	1.3807999999999694	1.9999576	2.6353880000000003e-7	0.99995759	2.6353578999999996e-7
13.888888888888888	1.4209999999999694	1.9999757000000002	1.4890135e-7	0.99997573	1.4890033999999998e-7
13.888888888888888	1.4611999999999694	1.9999860999999999	9.015068799999999e-8	0.99998611	9.0150341e-8
13.888888888888888	1.5013999999999694	1.9999921	5.1596346e-8	0.99999205	5.1596231999999995e-8
13.888888888888888	1.5415999999999694	1.9999954	2.9630284e-8	0.99999545	2.9630245999999997e-8
13.888888888888888	1.5817999999999695	1.9999974	1.6954975999999998e-8	0.9999974	1.6954964e-8
13.888888888888888	1.6219999999999695	1.9999985	9.701531500000001e-9	0.99999851	9.7015274e-9
13.888888888888888	1.6621999999999695	1.9999991000000001	5.5510222e-9	0.99999915	5.5510211e-9
13.888888888888888	1.7023999999999695	1.9999995000000002	3.1761404e-9	0.99999951	3.1761398e-9
13.888888888888888	1.7425999999999695	1.9999997	1.8172846000000002e-9	0.99999972	1.8172846000000002e-9
13.888888888888888	1.7827999999999695	1.9999997999999999	1.0397867e-9	0.99999984	1.0397868e-9
13.888888888888888	1.8229999999999695	1.9999999	5.9492799e-10	0.99999991	5.949281800000001e-10
13.888888888888888	1.8631999999999695	1.9999999	3.4039564e-10	0.99999995	3.4039563e-10
13.888888888888888	1.9033999999999696	2.	1.9476160000000003e-10	0.99999997	1.9476158e-10
13.888888888888888	1.9435999999999696	2.	1.1143521000000002e-10	0.99999998	1.1143525e-10
13.888888888888888	1.9837999999999696	2.	6.375896e-11	0.99999999	6.375898300000001e-11
13.888888888888888	2.0239999999999694	2.	3.6480393e-11	0.99999999	3.6480396e-11
13.888888888888888	2.0641999999999694	2.	2.0872607e-11	1.	2.0872774e-11
13.888888888888888	2.1043999999999694	2.	1.1942657e-11	1.	1.1942597000000001e-11
13.888888888888888	2.1445999999999694	2.	6.8329731999999995e-12	1.	6.8331401e-12
13.888888888888888	2.1847999999999694	2.	3.9098674999999995e-12	1.	3.9096427e-12
13.888888888888888	2.2249999999999694	2.	2.2368251e-12	1.	2.2369842e-12
13.888888888888888	2.2651999999999695	2.	0.	1.	1.2799023e-12
13.888888888888888	2.3053999999999695	2.	0.	1.	0.
13.888888888888888	2.3455999999999695	2.	0.	1.	0.
13.888888888888888	2.3857999999999695	2.	0.	1.	0.
13.888888888888888	2.4259999999999695	2.	0.	1.	0.
13.888888888888888	2.4661999999999695	2.	0.	1.	0.
13.888888888888888	2.5063999999999695	2.	0.	1.	0.
13.888888888888888	2.5465999999999696	2.	0.	1.	0.
13.888888888888888	2.5867999999999696	2.	0.	1.	0.
13.888888888888888	2.6269999999999696	2.	0.	1.	0.
13.888888888888888	2.6671999999999696	2.	0.	1.	0.
13.888888888888888	2.7073999999999696	2.	0.	1.	0.
13.888888888888888	2.7475999999999696	2.	0.	1.	0.
13.888888888888888	2.7877999999999696	2.	0.	1.	0.
13.888888888888888	2.8279999999999696	2.	0.	1.	0.
13.888888888888888	2.8681999999999697	2.	0.	1.	0.
13.888888888888888	2.9083999999999697	2.	0.	1.	0.
13.888888888888888	2.9485999999999697	2.	0.	1.	0.
13.888888888888888	2.9887999999999697	2.	0.	1.	0.
10.75268817204301	-7.021	0.	0.	0.	0.
10.75268817204301	-6.9808	0.	0.	0.	0.
10.75268817204301	-6.940600000000001	0.	0.	0.	0.
10.75268817204301	-6.900400000000001	0.	0.	0.	0.
10.75268817204301	-6.860200000000002	0.	0.	0.	0.
10.75268817204301	-6.820000000000002	0.	0.	0.	0.
10.75268817204301	-6.7798000000000025	0.	0.	0.	0.
10.75268817204301	-6.739600000000003	0.	0.	0.	0.
10.75268817204301	-6.699400000000003	0.	0.	0.	0.
10.75268817204301	-6.659200000000004	0.	0.	0.	0.
10.75268817204301	-6.619000000000004	0.	0.	0.	0.
10.75268817204301	-6.578800000000005	0.	0.	0.	0.
10.75268817204301	-6.538600000000005	0.	0.	0.	0.
10.75268817204301	-6.4984000000000055	0.	0.	0.	0.
10.75268817204301	-6.458200000000006	0.	0.	0.	0.
10.75268817204301	-6.418000000000006	0.	0.	0.	0.
10.75268817204301	-6.377800000000007	0.	0.	0.	0.
10.75268817204301	-6.337600000000007	0.	0.	0.	0.
10.75268817204301	-6.297400000000008	0.	0.	0.	0.
10.75268817204301	-6.257200000000008	0.	0.	0.	0.
10.75268817204301	-6.2170000000000085	0.	0.	0.	0.
10.75268817204301	-6.176800000000009	0.	0.	0.	0.
10.75268817204301	-6.136600000000009	0.	0.	0.	0.
10.75268817204301	-6.09640000000001	0.	0.	0.	0.
10.75268817204301	-6.05620000000001	0.	0.	0.	0.
10.75268817204301	-6.016000000000011	0.	0.	0.	0.
10.75268817204301	-5.975800000000011	0.	0.	0.	0.
10.75268817204301	-5.9356000000000115	0.	0.	0.	0.
10.75268817204301	-5.895400000000012	0.	0.	0.	0.
10.75268817204301	-5.855200000000012	0.	0.	0.	0.
10.75268817204301	-5.815000000000013	0.	0.	0.	0.
10.75268817204301	-5.774800000000013	0.	0.	0.	0.
10.75268817204301	-5.734600000000014	0.	0.	0.	0.
10.75268817204301	-5.694400000000014	0.	0.	0.	0.
10.75268817204301	-5.6542000000000145	0.	0.	0.	0.
10.75268817204301	-5.614000000000015	0.	0.	0.	0.
10.75268817204301	-5.573800000000015	0.	0.	0.	0.
10.75268817204301	-5.533600000000016	0.	0.	0.	0.
10.75268817204301	-5.493400000000016	0.	0.	0.	0.
10.75268817204301	-5.453200000000017	0.	0.	0.	0.
10.75268817204301	-5.413000000000017	0.	0.	0.	0.
10.75268817204301	-5.372800000000018	0.	0.	0.	0.
10.75268817204301	-5.332600000000018	0.	0.	0.	0.
10.75268817204301	-5.292400000000018	0.	0.	0.	0.
10.75268817204301	-5.252200000000019	0.	0.	0.	0.
10.75268817204301	-5.212000000000019	0.	0.	0.	0.
10.75268817204301	-5.17180000000002	0.	0.	0.	0.
10.75268817204301	-5.13160000000002	0.	0.	0.	0.
10.75268817204301	-5.091400000000021	0.	0.	0.	0.
10.75268817204301	-5.051200000000021	0.	0.	0.	0.
10.75268817204301	-5.011000000000021	0.	0.	0.	0.
10.75268817204301	-4.970800000000022	0.	0.	0.	0.
10.75268817204301	-4.930600000000022	0.	0.	0.	0.
10.75268817204301	-4.890400000000023	0.	0.	0.	0.
10.75268817204301	-4.850200000000023	0.	0.	0.	0.
10.75268817204301	-4.810000000000024	0.	0.	0.	0.
10.75268817204301	-4.769800000000024	0.	0.	0.	0.
10.75268817204301	-4.7296000000000245	0.	0.	0.	0.
10.75268817204301	-4.689400000000025	0.	0.	0.	0.
10.75268817204301	-4.649200000000025	0.	0.	0.	0.
10.75268817204301	-4.609000000000026	0.	0.	0.	0.
10.75268817204301	-4.568800000000026	0.	0.	0.	0.
10.75268817204301	-4.528600000000027	0.	0.	0.	0.
10.75268817204301	-4.488400000000027	0.	0.	0.	0.
10.75268817204301	-4.4482000000000275	0.	0.	0.	0.
10.75268817204301	-4.408000000000028	0.	0.	0.	0.
10.75268817204301	-4.367800000000028	0.	0.	0.	0.
10.75268817204301	-4.327600000000029	0.	0.	0.	0.
10.75268817204301	-4.287400000000029	0.	0.	0.	0.
10.75268817204301	-4.24720000000003	0.	0.	0.	0.
10.75268817204301	-4.20700000000003	0.	0.	0.	0.
10.75268817204301	-4.1668000000000305	0.	0.	0.	0.
10.75268817204301	-4.126600000000031	1.5612511000000002e-19	5.753426900000001e-20	0.	0.
10.75268817204301	-4.086400000000031	3.6255721000000004e-18	5.2788066e-19	0.	0.
10.75268817204301	-4.046200000000032	3.2109732e-17	2.1438754000000002e-18	0.	0.
10.75268817204301	-4.006000000000032	1.0927023000000001e-16	6.3049503e-19	9.282982300000001e-34	5.603430200000001e-35
10.75268817204301	-3.965800000000032	1.9619723000000002e-16	8.2193681e-19	8.786092399999998e-33	1.3559012000000001e-34
10.75268817204301	-3.925600000000032	2.910866e-16	3.1540259e-18	1.8739298e-32	3.1433100000000005e-34
10.75268817204301	-3.885400000000032	4.518260800000001e-16	2.5510464e-18	4.3741721e-32	2.2486005000000004e-34
10.75268817204301	-3.845200000000032	6.950343100000001e-16	5.3399765e-18	1.0521932999999999e-31	1.0595310999999999e-33
10.75268817204301	-3.805000000000032	1.0707754e-15	7.852397800000002e-18	2.4809252e-31	2.3463399999999998e-33
10.75268817204301	-3.764800000000032	1.6656641e-15	1.2560146999999999e-17	5.995342899999999e-31	5.993992e-33
10.75268817204301	-3.724600000000032	2.5808349e-15	1.8630821e-17	1.4418629e-30	1.4009506e-32
10.75268817204301	-3.684400000000032	3.978623e-15	2.8511904999999996e-17	3.4370319000000004e-30	3.3422371000000006e-32
10.75268817204301	-3.644200000000032	6.1253780000000005e-15	4.4733952999999996e-17	8.1385081e-30	7.892692100000002e-32
10.75268817204301	-3.604000000000032	9.4417876e-15	6.8019111e-17	1.9331296000000003e-29	1.8455412999999998e-31
10.75268817204301	-3.563800000000032	1.4551398e-14	1.0488085000000001e-16	4.5926378e-29	4.365085e-31
10.75268817204301	-3.523600000000032	2.2421249e-14	1.6337658e-16	1.0904782000000002e-28	1.0611329000000001e-30
10.75268817204301	-3.483400000000032	3.4542681e-14	2.5109382000000006e-16	2.5883021e-28	2.5069947e-30
10.75268817204301	-3.443200000000032	5.3221176999999996e-14	3.8710441000000006e-16	6.1442248e-28	5.963258500000001e-30
10.75268817204301	-3.403000000000032	8.199860900000001e-14	5.959970100000001e-16	1.4585045999999997e-27	1.4104824e-29
10.75268817204301	-3.362800000000032	1.2633951e-13	9.1781419e-16	3.462374799999999e-27	3.3487850000000007e-29
10.75268817204301	-3.322600000000032	1.9465563e-13	1.4158128999999999e-15	8.2191584e-27	7.960091500000001e-29
10.75268817204301	-3.282400000000032	2.9991261e-13	2.1806296999999998e-15	1.9511175999999998e-26	1.8889215000000001e-28
10.75268817204301	-3.242200000000032	4.620856e-13	3.360568e-15	4.6316705e-26	4.4856935e-28
10.75268817204301	-3.202000000000032	7.1195038e-13	5.1774617e-15	1.0994947e-25	1.0648456e-27
10.75268817204301	-3.161800000000032	1.0969281999999998e-12	7.9761105e-15	2.6100593e-25	2.5272249e-27
10.75268817204301	-3.121600000000032	1.6900717e-12	1.2289008999999999e-14	6.195896500000001e-25	5.999097799999999e-27
10.75268817204301	-3.081400000000032	2.6039500999999997e-12	1.8934145e-14	1.4708187000000001e-24	1.4241338e-26
10.75268817204301	-3.041200000000032	4.0119930999999995e-12	2.9173328e-14	3.491516200000001e-24	3.3807076e-26
10.75268817204301	-3.001000000000032	6.1814126999999996e-12	4.4947973000000006e-14	8.288369900000001e-24	8.025392399999999e-26
10.75268817204301	-2.960800000000032	9.5239094e-12	6.925272099999999e-14	1.9675427e-23	1.9050865000000001e-25
10.75268817204301	-2.920600000000032	1.4673805000000002e-11	1.0670005e-13	4.6706701e-23	4.5224136e-25
10.75268817204301	-2.880400000000032	2.2608422e-11	1.6439625999999998e-13	1.1087515e-22	1.0735537e-24
10.75268817204301	-2.840200000000032	3.4833550000000005e-11	2.5329115000000003e-13	2.6320202e-22	2.5484724e-24
10.75268817204301	-2.800000000000032	5.3669214e-11	3.9025318e-13	6.2480457e-22	6.049681700000001e-24
10.75268817204301	-2.759800000000032	8.268995099999999e-11	6.0127759e-13	1.4831981999999998e-21	1.4361167e-23
10.75268817204301	-2.7196000000000318	1.2740317000000003e-10	9.264081e-13	3.5209042e-21	3.4091378e-23
10.75268817204301	-2.6794000000000318	1.9629432000000001e-10	1.4273470999999997e-12	8.358131399999999e-21	8.092804000000001e-23
10.75268817204301	-2.6392000000000317	3.0243722e-10	2.1991609e-12	1.9841029e-20	1.9211175999999999e-22
10.75268817204301	-2.5990000000000317	4.659751200000001e-10	3.3883217999999997e-12	4.7099814e-20	4.560465899999999e-22
10.75268817204301	-2.5588000000000317	7.179434300000001e-10	5.2205e-12	1.1180834000000002e-19	1.0825903e-21
10.75268817204301	-2.5186000000000317	1.1061594e-9	8.0433995e-12	2.6541727e-19	2.5699176e-21
10.75268817204301	-2.4784000000000317	1.7042968e-9	1.2392734e-11	6.3006327e-19	6.1006234e-21
10.75268817204301	-2.4382000000000317	2.6258669e-9	1.9093899e-11	1.4956816e-18	1.448202e-20
10.75268817204301	-2.3980000000000317	4.0457608e-9	2.9418607000000004e-11	3.5505376e-18	3.437828e-20
10.75268817204301	-2.3578000000000316	6.2334385e-9	4.5326227000000006e-11	8.428476600000001e-18	8.1609193e-20
10.75268817204301	-2.3176000000000316	9.6040663e-9	6.9835625e-11	2.0008016000000002e-17	1.9372872e-19
10.75268817204301	-2.2774000000000316	1.4797304e-8	1.0759806e-10	4.7496208e-17	4.598845900000001e-19
10.75268817204301	-2.2372000000000316	2.2798697e-8	1.6577988e-10	1.1274929000000001e-16	1.0917008000000002e-18
10.75268817204301	-2.1970000000000316	3.5126706e-8	2.5542249e-10	2.6765082e-16	2.5915423e-18
10.75268817204301	-2.1568000000000316	5.412087e-8	3.9353772e-10	6.353649700000001e-16	6.1519503e-18
10.75268817204301	-2.1166000000000316	8.3385785e-8	6.063361200000001e-10	1.5082654e-15	1.460384e-17
10.75268817204301	-2.0764000000000316	1.2847515e-7	9.342009200000001e-10	3.580404e-15	3.466737e-17
10.75268817204301	-2.0362000000000315	1.979457e-7	1.4393512e-9	8.4993532e-15	8.2295124e-17
10.75268817204301	-1.9960000000000315	3.0498091999999997e-7	2.2176487e-9	2.0176187e-14	1.9535582000000002e-16
10.75268817204301	-1.9558000000000315	4.698928e-7	3.4167866000000003e-9	4.7895131e-14	4.6374271e-16
10.75268817204301	-1.9156000000000315	7.239759999999999e-7	5.2643129e-9	1.1369521e-13	1.1008434e-15
10.75268817204301	-1.8754000000000315	1.1154456000000002e-6	8.1107973e-9	2.698924e-13	2.6131869000000003e-15
10.75268817204301	-1.8352000000000315	1.7185844000000001e-6	1.2496326e-8	6.406718700000001e-13	6.2031166999999995e-15
10.75268817204301	-1.7950000000000315	2.6478331e-6	1.9252912e-8	1.5208109999999998e-12	1.4724516e-14
10.75268817204301	-1.7548000000000314	4.0794926e-6	2.9662195e-8	3.6099942999999997e-12	3.4950966e-14
10.75268817204301	-1.7146000000000314	6.285143900000001e-6	4.5698185999999996e-8	8.5688976e-12	8.2957835e-14
10.75268817204301	-1.6744000000000314	9.6787373e-6	6.967583200000001e-8	2.0328119000000002e-11	1.9353616e-13
10.75268817204301	-1.6342000000000314	0.000014910854000000002	1.0733304e-7	4.8246459000000006e-11	4.5928482e-13
10.75268817204301	-1.5940000000000314	0.000022974810000000003	1.5990272e-7	1.1456421e-10	1.0362438e-12
10.75268817204301	-1.5538000000000314	0.000035389608	2.462649e-7	2.7183046e-10	2.4580742e-12
10.75268817204301	-1.5136000000000314	0.000054505911	3.7918537e-7	6.4481649e-10	5.828465099999999e-12
10.75268817204301	-1.4734000000000314	0.000083914024	5.3095443e-7	1.5284931e-9	1.2558636000000001e-11
10.75268817204301	-1.4332000000000313	0.00012921963	8.221636899999999e-7	3.6222043e-9	2.9639146e-11
10.75268817204301	-1.3930000000000313	0.00019870386	1.1974812000000002e-6	8.5683781e-9	6.961682700000001e-11
10.75268817204301	-1.3528000000000313	0.00030645783	2.6197943000000004e-6	2.0331756999999998e-8	1.6223164e-10
10.75268817204301	-1.3126000000000313	0.00047151964000000004	4.0528488e-6	4.8099691e-8	3.6525896000000006e-10
10.75268817204301	-1.2724000000000313	0.00072130246	5.966772e-6	1.1280503e-7	8.499078e-10
10.75268817204301	-1.2322000000000313	0.0011020547000000001	0.000010476373	2.6332761999999996e-7	2.4019751e-9
10.75268817204301	-1.1920000000000313	0.0016804833	0.000014618699	6.121892899999999e-7	4.3597516e-9
10.75268817204301	-1.1518000000000312	0.002542939	0.00001765282	1.4030059000000002e-6	7.3484496e-9
10.75268817204301	-1.1116000000000312	0.0038149925000000003	0.000019685696	3.1633243000000003e-6	1.8069616e-8
10.75268817204301	-1.0714000000000312	0.0056297206	0.000013855365	6.8992303e-6	3.7523145e-8
10.75268817204301	-1.0312000000000312	0.0081823804	0.000043428528	0.000014683318000000001	1.2262917e-7
10.75268817204301	-0.9910000000000312	0.011847837	0.00006614769000000001	0.000030417915000000003	3.2232814999999996e-7
10.75268817204301	-0.9508000000000312	0.016522028	0.00007786811500000001	0.00005929086900000001	4.5431287999999996e-7
10.75268817204301	-0.9106000000000312	0.022612991	0.00011698775000000001	0.00011030705	4.1515764999999997e-7
10.75268817204301	-0.8704000000000311	0.029769924	0.00010080575	0.00019377453000000002	7.562901199999999e-7
10.75268817204301	-0.8302000000000311	0.038929729	0.00015254756000000001	0.00033126678	1.8174339000000001e-6
10.75268817204301	-0.7900000000000311	0.050144055	0.0003465315	0.00054696849	3.4395924000000005e-6
10.75268817204301	-0.7498000000000311	0.06437171200000001	0.00023422815	0.00090281292	2.6505987e-6
10.75268817204301	-0.7096000000000311	0.08201311100000001	0.00037210811	0.0014637927	7.119896300000001e-6
10.75268817204301	-0.6694000000000311	0.10328271	0.00036351625	0.0023224803999999997	0.00001219153
10.75268817204301	-0.6292000000000311	0.12897535	0.00040632911	0.0036156623	0.000010739644
10.75268817204301	-0.589000000000031	0.15804039	0.00082809815	0.0054510251	0.000026932546000000003
10.75268817204301	-0.548800000000031	0.18833937	0.00038502002000000005	0.0078706057	0.000019882748
10.75268817204301	-0.508600000000031	0.22526581	0.00077976632	0.011051819000000001	0.000033280095
10.75268817204301	-0.468400000000031	0.26300823	0.00053983784	0.015237037000000002	0.000020197136
10.75268817204301	-0.428200000000031	0.30765623	0.00087917568	0.020757889	0.000046419533
10.75268817204301	-0.388000000000031	0.3566648	0.00072477905	0.028054156000000004	0.000029159849
10.75268817204301	-0.347800000000031	0.41070377	0.00090994296	0.037777935000000006	0.000032455358
10.75268817204301	-0.30760000000003096	0.47172011	0.00039390884999999996	0.050026646	8.047520500000002e-6
10.75268817204301	-0.26740000000003095	0.53332824	0.00056426628	0.064760724	0.000094996354
10.75268817204301	-0.22720000000003093	0.60066477	0.0011050342	0.081618152	0.00024087043
10.75268817204301	-0.18700000000003092	0.6632932	0.00059831636	0.10124262	0.00025790326
10.75268817204301	-0.1468000000000309	0.7300606	0.0007048725	0.1233776	0.00024293766
10.75268817204301	-0.1066000000000309	0.79929866	0.0007107494600000001	0.14866436	0.00046794219
10.75268817204301	-0.0664000000000309	0.87289127	0.0005722191	0.17789357	0.00039827674
10.75268817204301	-0.026200000000030907	0.9492221	0.00021181691	0.21283923	0.0006087310700000001
10.75268817204301	0.013999999999969093	1.027373	0.000066368759	0.25195452	0.00047914138000000004
10.75268817204301	0.05419999999996909	1.103966	0.0004152532	0.29183498	0.00061190541
10.75268817204301	0.09439999999996909	1.1790383	0.00034833714	0.33643695	0.00043480835
10.75268817204301	0.13459999999996908	1.2489472	0.00079780708	0.37948525	0.00097633512
10.75268817204301	0.1747999999999691	1.3155222	0.00081710575	0.42279863	0.0010966506
10.75268817204301	0.2149999999999691	1.3802015	0.0006708720099999999	0.46728088	0.0008618266999999999
10.75268817204301	0.2551999999999691	1.4465686999999998	0.00072199654	0.51624595	0.00083952506
10.75268817204301	0.29539999999996913	1.5092307999999999	0.00069577444	0.56336265	0.00071366395
10.75268817204301	0.33559999999996915	1.5706372	0.00091056928	0.61168551	0.0009196824
10.75268817204301	0.37579999999996916	1.6283874	0.0010506335	0.65919341	0.0010200425
10.75268817204301	0.41599999999996917	1.6796431	0.0006351202	0.70235079	0.00062266127
10.75268817204301	0.4561999999999692	1.7232832	0.0007372023	0.74004213	0.0006997545
10.75268817204301	0.4963999999999692	1.765155	0.0011885298	0.77737247	0.0011696497
10.75268817204301	0.5365999999999692	1.7994162999999999	0.00084295389	0.80814701	0.00083197532
10.75268817204301	0.5767999999999692	1.8333942	0.00056270543	0.83947833	0.0005481492700000001
10.75268817204301	0.6169999999999692	1.8629967	0.00043145092	0.86711119	0.00042066875
10.75268817204301	0.6571999999999693	1.8897668	0.00042688722	0.89242925	0.00042246201
10.75268817204301	0.6973999999999693	1.9111965	0.00041927459	0.91289255	0.00041281267
10.75268817204301	0.7375999999999693	1.9304747999999998	0.00041195906	0.93152369	0.00040581135
10.75268817204301	0.7777999999999693	1.9457575	0.00022104647	0.9463991	0.00022058723
10.75268817204301	0.8179999999999693	1.9575911	0.00023151398000000002	0.95798115	0.00022871262000000002
10.75268817204301	0.8581999999999693	1.9677904	0.00009594293200000001	0.96801852	0.00009535687200000001
10.75268817204301	0.8983999999999693	1.9754848	0.00017197972	0.9756153	0.00017128532
10.75268817204301	0.9385999999999693	1.9817801	0.00011526863	0.98185205	0.00011481982
10.75268817204301	0.9787999999999694	1.9869039	0.000080589684	0.98694133	0.000080212249
10.75268817204301	1.0189999999999693	1.9908351	0.000047397815	0.99085349	0.000047236158000000005
10.75268817204301	1.0591999999999693	1.9936762	0.000022350273	0.99368487	0.000022307555000000003
10.75268817204301	1.0993999999999693	1.9957071000000002	0.000018264226	0.99571112	0.000018259547000000002
10.75268817204301	1.1395999999999693	1.9971226	0.000023301911	0.99712436	0.00002329098
10.75268817204301	1.1797999999999693	1.9980897	0.000015892629	0.99809045	0.000015887309
10.75268817204301	1.2199999999999693	1.9987474	0.000012433270000000001	0.99874771	0.000012430168
10.75268817204301	1.2601999999999693	1.9991799	7.4188159000000005e-6	0.99918001	7.4175181000000006e-6
10.75268817204301	1.3003999999999694	1.9994635	4.6571271e-6	0.99946355	4.6566398e-6
10.75268817204301	1.3405999999999694	1.9996508	3.2122797e-6	0.99965085	3.2120779e-6
10.75268817204301	1.3807999999999694	1.9997734	1.4454442000000002e-6	0.99977336	1.4453566000000003e-6
10.75268817204301	1.4209999999999694	1.9998527	9.368315399999999e-7	0.99985272	9.3679638e-7
10.75268817204301	1.4611999999999694	1.9999042999999999	6.2690245e-7	0.99990431	6.268869500000001e-7
10.75268817204301	1.5013999999999694	1.9999379	3.9280409999999997e-7	0.99993787	3.9279800999999995e-7
10.75268817204301	1.5415999999999694	1.9999597	2.8073872999999996e-7	0.99995965	2.8073578e-7
10.75268817204301	1.5817999999999695	1.9999738	1.8229761999999998e-7	0.99997381	1.8229638e-7
10.75268817204301	1.6219999999999695	1.9999829999999998	1.2237002e-7	0.999983	1.2236946999999999e-7
10.75268817204301	1.6621999999999695	1.999989	7.9439121e-8	0.99998896	7.943888799999999e-8
10.75268817204301	1.7023999999999695	1.9999928	5.1565987999999996e-8	0.99999284	5.156589e-8
10.75268817204301	1.7425999999999695	1.9999953000000001	3.381949e-8	0.99999535	3.3819448e-8
10.75268817204301	1.7827999999999695	1.999997	2.1951445e-8	0.99999698	2.1951427e-8
10.75268817204301	1.8229999999999695	1.9999980000000002	1.4247900999999998e-8	0.99999804	1.4247893999999999e-8
10.75268817204301	1.8631999999999695	1.9999987	9.2476911e-9	0.99999873	9.247688e-9
10.75268817204301	1.9033999999999696	1.9999992	6.0022249e-9	0.99999917	6.002223500000001e-9
10.75268817204301	1.9435999999999696	1.9999995000000002	3.8957307e-9	0.99999946	3.8957303e-9
10.75268817204301	1.9837999999999696	1.9999997	2.5285069e-9	0.99999965	2.5285067e-9
10.75268817204301	2.0239999999999694	1.9999997999999999	1.6411127000000002e-9	0.99999977	1.6411125e-9
10.75268817204301	2.0641999999999694	1.9999999	1.0651532e-9	0.99999985	1.0651531e-9
10.75268817204301	2.1043999999999694	1.9999999	6.913297200000001e-10	0.9999999	6.913297600000001e-10
10.75268817204301	2.1445999999999694	1.9999999	4.4870249000000004e-10	0.99999994	4.4870223e-10
10.75268817204301	2.1847999999999694	2.	2.9122660000000004e-10	0.99999996	2.9122659000000005e-10
10.75268817204301	2.2249999999999694	2.	1.8901817000000003e-10	0.99999997	1.8901825000000002e-10
10.75268817204301	2.2651999999999695	2.	1.2268096000000002e-10	0.99999998	1.2268084e-10
10.75268817204301	2.3053999999999695	2.	7.9624984e-11	0.99999999	7.9624939e-11
10.75268817204301	2.3455999999999695	2.	5.1679790000000004e-11	0.99999999	5.1679826e-11
10.75268817204301	2.3857999999999695	2.	3.3542308e-11	1.	3.3542384e-11
10.75268817204301	2.4259999999999695	2.	2.1770596e-11	1.	2.1770444e-11
10.75268817204301	2.4661999999999695	2.	1.4129955e-11	1.	1.4129845999999999e-11
10.75268817204301	2.5063999999999695	2.	9.1707596e-12	1.	9.170832599999998e-12
10.75268817204301	2.5465999999999696	2.	5.9522001e-12	1.	5.9522302e-12
10.75268817204301	2.5867999999999696	2.	3.8632366e-12	1.	3.863309e-12
10.75268817204301	2.6269999999999696	2.	2.5074933999999998e-12	1.	2.5074933999999998e-12
10.75268817204301	2.6671999999999696	2.	0.	1.	1.6275273e-12
10.75268817204301	2.7073999999999696	2.	0.	1.	1.0562212999999999e-12
10.75268817204301	2.7475999999999696	2.	0.	1.	0.
10.75268817204301	2.7877999999999696	2.	0.	1.	0.
10.75268817204301	2.8279999999999696	2.	0.	1.	0.
10.75268817204301	2.8681999999999697	2.	0.	1.	0.
10.75268817204301	2.9083999999999697	2.	0.	1.	0.
10.75268817204301	2.9485999999999697	2.	0.	1.	0.
10.75268817204301	2.9887999999999697	2.	0.	1.	0.
8.771929824561402	-7.021	0.	0.	0.	0.
8.771929824561402	-6.9808	0.	0.	0.	0.
8.771929824561402	-6.940600000000001	0.	0.	0.	0.
8.771929824561402	-6.900400000000001	0.	0.	0.	0.
8.771929824561402	-6.860200000000002	0.	0.	0.	0.
8.771929824561402	-6.820000000000002	0.	0.	0.	0.
8.771929824561402	-6.7798000000000025	0.	0.	0.	0.
8.771929824561402	-6.739600000000003	0.	0.	0.	0.
8.771929824561402	-6.699400000000003	0.	0.	0.	0.
8.771929824561402	-6.659200000000004	0.	0.	0.	0.
8.771929824561402	-6.619000000000004	0.	0.	0.	0.
8.771929824561402	-6.578800000000005	0.	0.	0.	0.
8.771929824561402	-6.538600000000005	0.	0.	0.	0.
8.771929824561402	-6.4984000000000055	0.	0.	0.	0.
8.771929824561402	-6.458200000000006	0.	0.	0.	0.
8.771929824561402	-6.418000000000006	0.	0.	0.	0.
8.771929824561402	-6.377800000000007	0.	0.	0.	0.
8.771929824561402	-6.337600000000007	0.	0.	0.	0.
8.771929824561402	-6.297400000000008	0.	0.	0.	0.
8.771929824561402	-6.257200000000008	0.	0.	0.	0.
8.771929824561402	-6.2170000000000085	0.	0.	0.	0.
8.771929824561402	-6.176800000000009	0.	0.	0.	0.
8.771929824561402	-6.136600000000009	0.	0.	0.	0.
8.771929824561402	-6.09640000000001	0.	0.	0.	0.
8.771929824561402	-6.05620000000001	0.	0.	0.	0.
8.771929824561402	-6.016000000000011	0.	0.	0.	0.
8.771929824561402	-5.975800000000011	0.	0.	0.	0.
8.771929824561402	-5.9356000000000115	0.	0.	0.	0.
8.771929824561402	-5.895400000000012	0.	0.	0.	0.
8.771929824561402	-5.855200000000012	0.	0.	0.	0.
8.771929824561402	-5.815000000000013	0.	0.	0.	0.
8.771929824561402	-5.774800000000013	0.	0.	0.	0.
8.771929824561402	-5.734600000000014	0.	0.	0.	0.
8.771929824561402	-5.694400000000014	0.	0.	0.	0.
8.771929824561402	-5.6542000000000145	0.	0.	0.	0.
8.771929824561402	-5.614000000000015	0.	0.	0.	0.
8.771929824561402	-5.573800000000015	0.	0.	0.	0.
8.771929824561402	-5.533600000000016	0.	0.	0.	0.
8.771929824561402	-5.493400000000016	0.	0.	0.	0.
8.771929824561402	-5.453200000000017	0.	0.	0.	0.
8.771929824561402	-5.413000000000017	0.	0.	0.	0.
8.771929824561402	-5.372800000000018	0.	0.	0.	0.
8.771929824561402	-5.332600000000018	0.	0.	0.	0.
8.771929824561402	-5.292400000000018	0.	0.	0.	0.
8.771929824561402	-5.252200000000019	0.	0.	0.	0.
8.771929824561402	-5.212000000000019	0.	0.	0.	0.
8.771929824561402	-5.17180000000002	0.	0.	0.	0.
8.771929824561402	-5.13160000000002	0.	0.	0.	0.
8.771929824561402	-5.091400000000021	0.	0.	0.	0.
8.771929824561402	-5.051200000000021	0.	0.	0.	0.
8.771929824561402	-5.011000000000021	0.	0.	0.	0.
8.771929824561402	-4.970800000000022	0.	0.	0.	0.
8.771929824561402	-4.930600000000022	0.	0.	0.	0.
8.771929824561402	-4.890400000000023	1.7347235e-19	9.0969667e-20	0.	0.
8.771929824561402	-4.850200000000023	1.3183898e-18	1.8481116000000002e-19	0.	0.
8.771929824561402	-4.810000000000024	1.0633855e-17	1.0646313e-18	0.	0.
8.771929824561402	-4.769800000000024	4.4964032e-17	2.7977761000000004e-18	0.	0.
8.771929824561402	-4.7296000000000245	1.1015494000000001e-16	6.7909494e-19	9.090389300000001e-34	4.915839500000001e-35
8.771929824561402	-4.689400000000025	1.8408886e-16	1.2837540000000002e-18	7.6844605e-33	2.1066716e-34
8.771929824561402	-4.649200000000025	2.5670438e-16	3.3216218e-18	1.4619734e-32	2.5487484e-34
8.771929824561402	-4.609000000000026	3.5861938e-16	2.9530578000000005e-18	2.7411761e-32	3.1899586000000006e-34
8.771929824561402	-4.568800000000026	5.1353019e-16	3.6728033e-18	5.6356562e-32	5.2496696e-34
8.771929824561402	-4.528600000000027	7.295379600000001e-16	6.435157800000001e-18	1.1458512999999998e-31	1.3795540999999999e-33
8.771929824561402	-4.488400000000027	1.0367922e-15	8.182931700000001e-18	2.3011781e-31	1.9978085999999997e-33
8.771929824561402	-4.4482000000000275	1.4796844e-15	1.168979e-17	4.677390499999999e-31	4.2960179999999994e-33
8.771929824561402	-4.408000000000028	2.1177331e-15	1.741198e-17	9.5840822e-31	9.460373099999999e-33
8.771929824561402	-4.367800000000028	3.0247506e-15	2.4177744999999998e-17	1.9570665000000004e-30	1.8678030000000002e-32
8.771929824561402	-4.327600000000029	4.3094348e-15	3.4407897999999995e-17	3.983853500000001e-30	3.7639837e-32
8.771929824561402	-4.287400000000029	6.1261239e-15	4.9019412000000003e-17	8.0535033e-30	7.6215177e-32
8.771929824561402	-4.24720000000003	8.7122844e-15	6.8965973e-17	1.6273623000000002e-29	1.4944315999999998e-31
8.771929824561402	-4.20700000000003	1.2401625e-14	9.8910359e-17	3.2969787e-29	3.0623668999999997e-31
8.771929824561402	-4.1668000000000305	1.7647359e-14	1.4058946e-16	6.6765119e-29	6.2598891e-31
8.771929824561402	-4.126600000000031	2.5110001e-14	2.0068376e-16	1.3518226e-28	1.2743538e-30
8.771929824561402	-4.086400000000031	3.5729354000000005e-14	2.8390101000000005e-16	2.7370829000000003e-28	2.5503231e-30
8.771929824561402	-4.046200000000032	5.0834892e-14	4.0525185000000004e-16	5.5408863e-28	5.1965573e-30
8.771929824561402	-4.006000000000032	7.232848e-14	5.7617947e-16	1.1216805999999998e-27	1.0487565000000001e-29
8.771929824561402	-3.965800000000032	1.0290824e-13	8.193354300000001e-16	2.2706499999999997e-27	2.1248344e-29
8.771929824561402	-3.925600000000032	1.4641990999999997e-13	1.1654718e-15	4.5967035999999994e-27	4.2958534000000005e-29
8.771929824561402	-3.885400000000032	2.0562494e-13	2.5670983e-15	9.1328206e-27	1.1546934e-28
8.771929824561402	-3.845200000000032	2.9641024e-13	2.3599533999999998e-15	1.8837889999999997e-26	1.7621911000000001e-28
8.771929824561402	-3.805000000000032	4.2173385e-13	3.3572211000000003e-15	3.813497599999999e-26	3.5654269000000003e-28
8.771929824561402	-3.764800000000032	6.0004659e-13	4.7771475e-15	7.7200058e-26	7.221401800000001e-28
8.771929824561402	-3.724600000000032	8.5374962e-13	6.796656199999999e-15	1.5628194000000003e-25	1.4616983999999997e-27
8.771929824561402	-3.684400000000032	1.2147233e-12	9.6712895e-15	3.1637525e-25	2.9595923e-27
8.771929824561402	-3.644200000000032	1.7283192e-12	1.3759461e-14	6.4046547e-25	5.9900754999999996e-27
8.771929824561402	-3.604000000000032	2.4590657e-12	1.9577059e-14	1.2965464e-24	1.2126342999999999e-26
8.771929824561402	-3.563800000000032	3.4987787999999995e-12	2.7854916000000004e-14	2.6247067000000006e-24	2.454975e-26
8.771929824561402	-3.523600000000032	4.9780904e-12	3.9632641e-14	5.3134119000000006e-24	4.9699276999999993e-26
8.771929824561402	-3.483400000000032	7.0828671e-12	5.6388839999999994e-14	1.0756379000000001e-23	1.0060884000000002e-25
8.771929824561402	-3.443200000000032	1.0077560000000001e-11	8.023018800000001e-14	2.1775026e-23	2.0366929000000002e-25
8.771929824561402	-3.403000000000032	1.4338432000000002e-11	1.1415336e-13	4.4080971000000007e-23	4.1231037e-25
8.771929824561402	-3.362800000000032	2.0400836e-11	1.6241674e-13	8.9236767e-23	8.346580700000001e-25
8.771929824561402	-3.322600000000032	2.9026473000000005e-11	2.3108732e-13	1.8064934999999997e-22	1.6896614e-24
8.771929824561402	-3.282400000000032	4.1299099e-11	3.2879335999999996e-13	3.6570340999999996e-22	3.420533e-24
8.771929824561402	-3.242200000000032	5.876069000000001e-11	4.6781072e-13	7.4032368e-22	6.924486100000001e-24
8.771929824561402	-3.202000000000032	8.360518e-11	6.6560405e-13	1.4986983999999999e-21	1.401778e-23
8.771929824561402	-3.161800000000032	1.1895412000000001e-10	9.4702607e-13	3.0339388999999998e-21	2.8377311e-23
8.771929824561402	-3.121600000000032	1.6924887000000002e-10	1.3474369999999998e-12	6.1418532e-21	5.7446601e-23
8.771929824561402	-3.081400000000032	2.4080865e-10	1.9171435e-12	1.2433461e-20	1.1629383e-22
8.771929824561402	-3.041200000000032	3.4262448000000005e-10	2.7277268e-12	2.5170081999999998e-20	2.3542320999999996e-22
8.771929824561402	-3.001000000000032	4.8748885e-10	3.8810319e-12	5.0953877999999996e-20	4.765865799999999e-22
8.771929824561402	-2.960800000000032	6.9360304e-10	5.521963699999999e-12	1.0315014e-19	9.6479389e-22
8.771929824561402	-2.920600000000032	9.868639600000001e-10	7.856694199999999e-12	2.0881536000000003e-19	1.9531119e-21
8.771929824561402	-2.880400000000032	1.4041179e-9	1.1178567e-11	4.2272218e-19	3.953845899999999e-21
8.771929824561402	-2.840200000000032	1.9977902e-9	1.5904953999999998e-11	8.5575143e-19	8.0040962e-21
8.771929824561402	-2.800000000000032	2.8424718999999998e-9	2.2629696e-11	1.7323683000000002e-18	1.6203353e-20
8.771929824561402	-2.759800000000032	4.0442917e-9	3.2197712e-11	3.5069762e-18	3.2801784999999996e-20
8.771929824561402	-2.7196000000000318	5.7542506e-9	4.5811161e-11	7.0994614e-18	6.640336e-20
8.771929824561402	-2.6794000000000318	8.1871935e-9	6.518048400000001e-11	1.4372025e-17	1.3442579e-19
8.771929824561402	-2.6392000000000317	1.1648804e-8	9.2739308e-11	2.9094476000000004e-17	2.7212920000000004e-19
8.771929824561402	-2.5990000000000317	1.6574011e-8	1.3195021000000002e-10	5.8898344e-17	5.5089352000000005e-19
8.771929824561402	-2.5588000000000317	2.3581632999999998e-8	1.8773979e-10	1.1923276000000001e-16	1.1152189e-18
8.771929824561402	-2.5186000000000317	3.3552131e-8	2.6711762e-10	2.4137266000000003e-16	2.2576288000000003e-18
8.771929824561402	-2.4784000000000317	4.7738232e-8	3.8005697e-10	4.8863044e-16	4.570301600000001e-18
8.771929824561402	-2.4382000000000317	6.792232e-8	5.4074786e-10	9.8917445e-16	9.252031300000001e-18
8.771929824561402	-2.3980000000000317	9.6640384e-8	7.693799000000001e-10	2.0024661e-15	1.8729628e-17
8.771929824561402	-2.3578000000000316	1.3750064e-7	1.0946789e-9	4.0537530999999995e-15	3.7915866999999996e-17
8.771929824561402	-2.3176000000000316	1.9563686e-7	1.5575159e-9	8.2063347e-15	7.675603e-17
8.771929824561402	-2.2774000000000316	2.7835338e-7	2.216042e-9	1.6612725e-14	1.5538302000000002e-16
8.771929824561402	-2.2372000000000316	3.9604279999999993e-7	3.1529942e-9	3.3630407e-14	3.1455309e-16
8.771929824561402	-2.1970000000000316	5.634916e-7	4.4860888e-9	6.8080508e-14	6.367712100000001e-16
8.771929824561402	-2.1568000000000316	8.0173782e-7	6.3828095e-9	1.3782013e-13	1.2890553e-15
8.771929824561402	-2.1166000000000316	1.1407138e-6	9.081444400000001e-9	2.7899816e-13	2.609503e-15
8.771929824561402	-2.0764000000000316	1.6230063000000002e-6	1.2921014e-8	5.647917799999999e-13	5.2825226e-15
8.771929824561402	-2.0362000000000315	2.3092053000000004e-6	1.8383843999999998e-8	1.1433338e-12	1.069353e-14
8.771929824561402	-1.9960000000000315	3.2855130000000003e-6	2.6156116e-8	2.3144850999999998e-12	2.1646884e-14
8.771929824561402	-1.9558000000000315	4.6745677e-6	3.721399e-8	4.685230499999999e-12	4.3818949e-14
8.771929824561402	-1.9156000000000315	6.648180500000001e-6	5.2200763999999996e-8	9.479924299999999e-12	8.6928321e-14
8.771929824561402	-1.8754000000000315	9.45873e-6	7.426701599999999e-8	1.9189561e-11	1.7595479e-13
8.771929824561402	-1.8352000000000315	0.000013457240000000002	1.0565829e-7	3.8842887e-11	3.561382e-13
8.771929824561402	-1.7950000000000315	0.000019145616	1.5031242e-7	7.8620983e-11	7.2078259e-13
8.771929824561402	-1.7548000000000314	0.000027234944000000003	2.1866488e-7	1.5912684e-10	1.4709903999999998e-12
8.771929824561402	-1.7146000000000314	0.000038753585	2.9536666e-7	3.2219983000000005e-10	2.8224848000000003e-12
8.771929824561402	-1.6744000000000314	0.000055113511000000004	4.0545631999999997e-7	6.5191112e-10	5.450543599999999e-12
8.771929824561402	-1.6342000000000314	0.000078385247	5.4425526e-7	1.3185269999999999e-9	1.0507182e-11
8.771929824561402	-1.5940000000000314	0.00011147215	7.482239e-7	2.6662339000000002e-9	2.0722195e-11
8.771929824561402	-1.5538000000000314	0.00015850861	1.0907316e-6	5.3891579e-9	4.1722887e-11
8.771929824561402	-1.5136000000000314	0.00022543805	1.6685479000000001e-6	1.0897664e-8	9.439155500000001e-11
8.771929824561402	-1.4734000000000314	0.00032019626	2.1791507e-6	2.1991315e-8	1.6940477000000003e-10
8.771929824561402	-1.4332000000000313	0.00045643505	4.380433000000001e-6	4.4524457999999996e-8	3.5736369000000004e-10
8.771929824561402	-1.3930000000000313	0.00064722092	6.0382158e-6	8.979986699999999e-8	7.8044868e-10
8.771929824561402	-1.3528000000000313	0.00091907428	7.956847000000002e-6	1.8057522e-7	1.3963865e-9
8.771929824561402	-1.3126000000000313	0.0012976573	0.000014157214000000002	3.607728e-7	3.5535611000000002e-9
8.771929824561402	-1.2724000000000313	0.0018372092	0.00001665245	7.219785199999999e-7	5.3659528000000005e-9
8.771929824561402	-1.2322000000000313	0.0025826643	0.000019990569	1.4288961e-6	8.5925648e-9
8.771929824561402	-1.1920000000000313	0.003611051	0.000026597523	2.8069354000000003e-6	2.1630567999999998e-8
8.771929824561402	-1.1518000000000312	0.0050393069	0.000029608669	5.4584601e-6	4.0230738e-8
8.771929824561402	-1.1116000000000312	0.0069107184	0.000034215355	0.000010396629	8.2470688e-8
8.771929824561402	-1.0714000000000312	0.009544118	0.000045052759	0.000019702408	1.3966621e-7
8.771929824561402	-1.0312000000000312	0.013080101	0.00008872665600000001	0.000036690716	3.5885386e-7
8.771929824561402	-0.9910000000000312	0.01748988	0.00010519049	0.000065578485	4.9321364e-7
8.771929824561402	-0.9508000000000312	0.023248033	0.00016549899	0.00011566072	1.0069685000000001e-6
8.771929824561402	-0.9106000000000312	0.03013033	0.00014706423	0.00019559643	8.788979999999999e-7
8.771929824561402	-0.8704000000000311	0.039159334000000004	0.00038608853	0.00032886766	3.0756831000000006e-6
8.771929824561402	-0.8302000000000311	0.049825774	0.00029391868	0.0005285392799999999	2.4225754e-6
8.771929824561402	-0.7900000000000311	0.06299455200000001	0.00024137616	0.00084784875	5.292464900000001e-6
8.771929824561402	-0.7498000000000311	0.078534188	0.00037183359	0.001321962	3.904696100000001e-6
8.771929824561402	-0.7096000000000311	0.09675667300000002	0.00053521611	0.0020302383	8.023130200000001e-6
8.771929824561402	-0.6694000000000311	0.11869168	0.00012227729	0.0030696579000000002	8.9384806e-6
8.771929824561402	-0.6292000000000311	0.14460482	0.0005293224	0.004510039800000001	0.000015690241
8.771929824561402	-0.589000000000031	0.17302615	0.00035518262	0.0065787508	0.000015680920000000002
8.771929824561402	-0.548800000000031	0.2078176	0.0012034962000000001	0.009274375	0.000023622864
8.771929824561402	-0.508600000000031	0.24276338	0.0010395733000000001	0.012848219000000001	0.000031175702
8.771929824561402	-0.468400000000031	0.28300802	0.00054451469	0.017485277	0.000046567393000000005
8.771929824561402	-0.428200000000031	0.32862682	0.00077864536	0.023648691	0.00007103430600000001
8.771929824561402	-0.388000000000031	0.37426482	0.00051567919	0.031250573999999996	0.000035317324
8.771929824561402	-0.347800000000031	0.42874207	0.00059220146	0.041134222	0.000048919647
8.771929824561402	-0.30760000000003096	0.48689169	0.0002753726	0.05293108	0.000052002892
8.771929824561402	-0.26740000000003095	0.54679374	0.0011890105	0.067346984	0.0001485349
8.771929824561402	-0.22720000000003093	0.60941235	0.00089129784	0.08455099900000002	0.00028222985
8.771929824561402	-0.18700000000003092	0.67441127	0.00071242608	0.10399186	0.00024068861999999999
8.771929824561402	-0.1468000000000309	0.74108152	0.00046106894	0.12626016	0.00029079063
8.771929824561402	-0.1066000000000309	0.80885652	0.00030058719	0.15256697	0.00011856782000000001
8.771929824561402	-0.0664000000000309	0.88019923	0.00019332827999999998	0.18113371	0.00041304665000000003
8.771929824561402	-0.026200000000030907	0.95244412	0.00011779669	0.21377761	0.0005543272700000001
8.771929824561402	0.013999999999969093	1.0253337999999999	0.000060074243000000006	0.24849329	0.00061363794
8.771929824561402	0.05419999999996909	1.0987628	0.00020118894000000002	0.29054034	0.00069000133
8.771929824561402	0.09439999999996909	1.1698031	0.00038617839	0.33052061	0.00082129176
8.771929824561402	0.13459999999996908	1.2388212	0.00039894786	0.37279167	0.00062072882
8.771929824561402	0.1747999999999691	1.305014	0.00066997694	0.41525715	0.0009266250700000001
8.771929824561402	0.2149999999999691	1.3698633	0.00034046981	0.45959949	0.00042751108
8.771929824561402	0.2551999999999691	1.4338392999999998	0.00067765238	0.50613264	0.0007704334600000001
8.771929824561402	0.29539999999996913	1.4956594	0.0007186876800000001	0.55276616	0.0008263363500000001
8.771929824561402	0.33559999999996915	1.5532458	0.00077377594	0.59767981	0.00079736259
8.771929824561402	0.37579999999996916	1.6045774	0.0007994396000000001	0.63862608	0.0008492607
8.771929824561402	0.41599999999996917	1.6550012	0.0005879479199999999	0.68071678	0.00057700282
8.771929824561402	0.4561999999999692	1.7045268999999998	0.0011829701	0.72364141	0.0011578258
8.771929824561402	0.4963999999999692	1.7461846	0.00079983786	0.76030551	0.0008055604699999999
8.771929824561402	0.5365999999999692	1.7824411000000002	0.00067630196	0.79273024	0.00068586156
8.771929824561402	0.5767999999999692	1.8166698000000001	0.00039305116	0.82401332	0.00040028741
8.771929824561402	0.6169999999999692	1.8478922	0.0004664407	0.85293038	0.00046447392
8.771929824561402	0.6571999999999693	1.8740579	0.00039545756	0.87751769	0.00038990309
8.771929824561402	0.6973999999999693	1.8963663	0.00052635237	0.89868188	0.00052131202
8.771929824561402	0.7375999999999693	1.9157088	0.00041268565000000004	0.9172229	0.00040607117
8.771929824561402	0.7777999999999693	1.9333236	0.00034974478	0.93429183	0.00034719761
8.771929824561402	0.8179999999999693	1.9469938	0.00021262585	0.94760335	0.00021105176000000002
8.771929824561402	0.8581999999999693	1.9580378	0.00017757851	0.95841799	0.00017590043
8.771929824561402	0.8983999999999693	1.9674334	0.00019463024000000002	0.96766233	0.00019339143
8.771929824561402	0.9385999999999693	1.9750950999999999	0.000071614887	0.97522959	0.000071354704
8.771929824561402	0.9787999999999694	1.9810029	0.00008519107400000001	0.98108064	0.000084675875
8.771929824561402	1.0189999999999693	1.9856268999999998	0.00010557939	0.98567102	0.00010516147000000001
8.771929824561402	1.0591999999999693	1.9894655	0.000036597101	0.98948937	0.000036444896
8.771929824561402	1.0993999999999693	1.9923667	0.000053645195000000006	0.99237939	0.000053537618
8.771929824561402	1.1395999999999693	1.9944403999999998	0.000033120398000000003	0.99444704	0.000033064887
8.771929824561402	1.1797999999999693	1.9960016	0.00002667444	0.996005	0.000026649858
8.771929824561402	1.2199999999999693	1.9971348	0.000019458412	0.99713654	0.000019450000000000002
8.771929824561402	1.2601999999999693	1.9979582000000002	0.000018366813	0.99795908	0.000018361004
8.771929824561402	1.3003999999999694	1.9985606	0.000013137224000000001	0.99856104	0.000013133671
8.771929824561402	1.3405999999999694	1.9989813	9.4128981e-6	0.99898147	9.411069600000002e-6
8.771929824561402	1.3807999999999694	1.9992805	6.999353200000001e-6	0.99928058	6.9983403000000005e-6
8.771929824561402	1.4209999999999694	1.9994918	4.8392798e-6	0.99949181	4.8388156e-6
8.771929824561402	1.4611999999999694	1.9996435000000001	2.6141161000000005e-6	0.99964352	2.6138971e-6
8.771929824561402	1.5013999999999694	1.9997491	1.8087217e-6	0.9997491	1.8086144000000003e-6
8.771929824561402	1.5415999999999694	1.9998236	1.2339091000000001e-6	0.99982362	1.2338583e-6
8.771929824561402	1.5817999999999695	1.9998759	8.667587799999999e-7	0.99987592	8.6673365e-7
8.771929824561402	1.6219999999999695	1.9999128	6.056120099999999e-7	0.99991277	6.0559968e-7
8.771929824561402	1.6621999999999695	1.9999387	4.5119223e-7	0.99993867	4.5118584e-7
8.771929824561402	1.7023999999999695	1.9999569	3.2869745e-7	0.99995687	3.2869412999999996e-7
8.771929824561402	1.7425999999999695	1.9999696999999999	2.4334715e-7	0.99996969	2.4334541e-7
8.771929824561402	1.7827999999999695	1.9999787	1.6728276e-7	0.99997869	1.6728191e-7
8.771929824561402	1.8229999999999695	1.999985	1.1758885e-7	0.99998502	1.1758842999999999e-7
8.771929824561402	1.8631999999999695	1.9999895	8.265381e-8	0.99998947	8.2653602e-8
8.771929824561402	1.9033999999999696	1.9999926000000001	5.8096080000000005e-8	0.9999926	5.8095978e-8
8.771929824561402	1.9435999999999696	1.9999948	4.1416978e-8	0.9999948	4.1416925999999996e-8
8.771929824561402	1.9837999999999696	1.9999963	2.9110317000000002e-8	0.99999634	2.9110290999999997e-8
8.771929824561402	2.0239999999999694	1.9999974	2.0460255999999998e-8	0.99999743	2.0460243e-8
8.771929824561402	2.0641999999999694	1.9999981999999998	1.4380436999999997e-8	0.99999819	1.4380430999999999e-8
8.771929824561402	2.1043999999999694	1.9999987	1.0107201999999999e-8	0.99999873	1.0107199e-8
8.771929824561402	2.1445999999999694	1.9999991000000001	7.1037595e-9	0.99999911	7.1037579e-9
8.771929824561402	2.1847999999999694	1.9999993999999999	4.9928036e-9	0.99999937	4.9928029000000005e-9
8.771929824561402	2.2249999999999694	1.9999996	3.5091342e-9	0.99999956	3.5091338000000002e-9
8.771929824561402	2.2651999999999695	1.9999997	2.4663515e-9	0.99999969	2.4663511e-9
8.771929824561402	2.3053999999999695	1.9999997999999999	1.7334428e-9	0.99999978	1.7334426e-9
8.771929824561402	2.3455999999999695	1.9999997999999999	1.2183268e-9	0.99999985	1.2183268e-9
8.771929824561402	2.3857999999999695	1.9999999	8.562843000000001e-10	0.99999989	8.562843200000001e-10
8.771929824561402	2.4259999999999695	1.9999999	6.018275e-10	0.99999992	6.0182746e-10
8.771929824561402	2.4661999999999695	1.9999999	4.2298605000000004e-10	0.99999995	4.2298582000000005e-10
8.771929824561402	2.5063999999999695	2.	2.972895e-10	0.99999996	2.972896e-10
8.771929824561402	2.5465999999999696	2.	2.0894588e-10	0.99999997	2.0894576000000002e-10
8.771929824561402	2.5867999999999696	2.	1.4685441e-10	0.99999998	1.4685451e-10
8.771929824561402	2.6269999999999696	2.	1.0321462000000002e-10	0.99999999	1.0321457000000001e-10
8.771929824561402	2.6671999999999696	2.	7.2542846e-11	0.99999999	7.2542912e-11
8.771929824561402	2.7073999999999696	2.	5.0985499999999997e-11	0.99999999	5.0985680000000004e-11
8.771929824561402	2.7475999999999696	2.	3.5834691e-11	1.	3.5834598000000005e-11
8.771929824561402	2.7877999999999696	2.	2.5502687000000003e-11	1.	2.5502638e-11
8.771929824561402	2.8279999999999696	2.	1.7701482e-11	1.	1.7701444e-11
8.771929824561402	2.8681999999999697	2.	1.2441338000000001e-11	1.	1.2441330000000001e-11
8.771929824561402	2.9083999999999697	2.	8.7441262e-12	1.	8.744206799999999e-12
8.771929824561402	2.9485999999999697	2.	6.1455468e-12	1.	6.1456895e-12
8.771929824561402	2.9887999999999697	2.	4.319319799999999e-12	1.	4.3194451e-12
